150
[0, 576.646386, 188.061884, 410.036551, 139.097453, 656.540352, 76.226044, 110.228444, 630.847559, 168.204066, 752.142506, 559.961963, 543.33777, 396.447661, 329.859435, 302.879715, 777.318208, 339.5981, 595.98599, 462.649158, 329.60246, 301.637208, 475.071465, 588.335763, 444.439514, 285.128596, 589.289179, 644.590061, 533.891865, 89.031929, 571.133962, 463.053794, 270.257733, 40.172831, 172.429161, 697.44799, 606.123004, 487.213253, 635.595569, 613.385091, 603.117376, 602.276371, 489.475189, 416.4262, 434.575056, 372.202125, 539.486793, 104.069612, 488.103062, 498.695507, 465.037122, 231.797919, 583.921241, 349.351255, 452.007366, 307.389403, 637.026354, 462.692958, 295.374885, 723.08481, 703.283065, 235.819625, 104.104632, 445.450695, 404.556496, 752.313292, 475.36313, 501.56276, 669.970574, 545.179782, 435.715828, 456.431853, 86.922805, 575.264134, 310.419336, 59.029462, 386.026589, 327.255273, 274.710862, 393.179166, 494.688963, 115.268051, 358.692369, 87.483172, 391.679009, 521.947418, 21.039795, 236.698811, 118.110226, 368.231212, 524.012768, 335.400478, 194.213688, 211.806755, 110.33931, 136.028192, 182.993592, 12.481373, 619.485617, 175.728639, 575.846765, 601.160046, 24.628707, 398.784666, 295.719878, 513.50929, 113.870026, 552.163974, 461.309458, 504.714163, 289.78172, 483.056889, 165.235118, 622.942521, 388.46132, 561.356515, 664.121394, 616.938549, 517.878282, 575.096685, 238.589658, 390.392755, 584.40652, 163.025262, 298.72111, 236.859736, 653.891372, 464.448338, 554.941198, 723.909082, 434.207405, 467.53954, 341.327482, 388.843691, 522.974462, 510.479341, 541.027696, 390.475624, 579.112435, 750.763234, 424.106705, 348.514079, 202.302447, 509.757062, 504.893566, 262.363817, 489.365621, 769.704255, 270.4504, 378.754116]
[576.646386, 0, 591.147872, 666.206235, 488.823972, 81.931156, 500.660046, 470.805506, 68.770289, 524.980579, 325.280152, 220.486312, 633.06072, 422.452825, 428.002714, 403.658559, 433.612934, 311.345449, 45.829873, 136.278934, 540.666874, 646.805025, 339.421964, 216.948737, 138.69492, 295.115353, 471.263587, 86.353451, 54.493287, 507.652976, 497.302069, 320.550088, 336.703309, 553.548527, 423.786212, 271.911347, 38.14259, 327.101682, 338.931351, 155.040463, 365.532653, 63.417629, 228.770937, 593.436295, 647.069475, 232.379887, 80.347682, 560.432376, 439.477537, 143.267315, 174.343021, 392.411065, 176.256641, 268.724817, 159.844183, 269.42422, 365.892523, 139.854138, 428.372053, 412.827179, 281.634296, 599.032045, 534.900509, 541.864284, 224.98496, 425.271577, 274.840213, 715.423333, 264.638557, 111.660566, 624.310618, 454.339115, 590.686232, 598.493972, 289.554344, 602.17394, 370.1623, 451.144223, 457.051377, 434.086821, 82.02552, 592.243553, 220.715416, 493.722734, 298.297152, 85.191413, 590.392928, 505.443129, 470.812601, 218.00065, 707.363365, 271.919308, 396.453228, 502.096201, 560.401042, 469.028976, 412.267097, 564.228131, 77.792012, 462.072925, 316.008974, 120.563144, 555.387584, 692.643666, 349.638682, 650.957731, 529.370573, 89.548267, 211.708848, 77.806308, 365.522238, 540.374546, 535.190492, 101.093347, 614.917689, 281.828838, 443.748689, 219.16418, 720.506751, 80.939076, 464.714095, 395.699361, 564.846164, 414.673021, 610.275516, 359.504085, 271.800432, 683.405846, 431.52896, 361.746611, 322.445044, 222.763913, 385.847087, 266.630679, 114.800395, 553.436044, 182.498472, 236.584262, 125.394385, 496.83737, 155.051624, 320.618035, 453.794155, 439.131706, 485.782023, 314.68527, 440.803154, 368.2646, 606.703436, 615.23173]
[188.061884, 591.147872, 0, 222.191688, 297.678243, 661.948276, 191.411886, 183.538369, 629.793086, 68.324289, 681.515253, 502.699114, 366.737294, 273.990904, 214.979785, 211.039912, 677.220944, 444.39866, 622.40174, 458.012578, 161.923766, 114.801868, 379.500602, 532.37791, 452.718872, 345.972188, 454.630462, 639.719059, 561.739826, 145.74125, 427.788503, 375.683155, 255.049627, 155.400296, 185.707752, 634.522777, 611.632975, 395.489704, 543.954645, 578.688304, 500.636006, 597.290111, 434.716536, 238.054906, 248.934891, 359.610291, 532.483733, 86.962284, 357.053337, 556.91398, 438.818649, 199.123107, 541.185457, 324.864804, 508.480506, 342.68853, 537.322033, 511.838173, 190.579467, 620.20772, 638.111262, 47.999053, 101.603474, 281.35164, 481.311596, 650.380873, 404.528156, 313.743283, 605.378617, 595.265133, 253.057518, 319.891771, 103.532336, 407.949401, 391.39218, 138.660783, 288.454118, 200.581742, 158.840613, 266.101856, 515.20086, 303.248009, 403.577865, 175.173308, 497.829996, 560.781431, 173.78975, 101.258138, 167.705535, 374.43831, 337.202006, 319.505874, 211.498466, 92.814075, 294.663616, 149.02591, 298.01731, 188.655233, 651.63637, 326.218777, 487.357515, 650.28653, 199.658017, 211.350362, 245.979788, 331.92736, 289.064659, 595.234389, 419.143332, 513.420373, 231.679146, 321.670766, 59.065343, 662.301504, 204.568592, 483.64867, 544.645984, 561.615221, 330.214458, 563.640143, 134.462737, 280.302298, 425.308987, 225.571704, 111.526095, 237.56155, 585.058706, 277.096125, 429.226877, 636.529103, 349.693758, 551.763328, 246.551797, 343.597634, 573.150485, 347.759471, 613.030582, 362.57733, 553.042638, 628.40258, 458.943105, 458.939281, 352.734762, 379.478185, 360.112177, 315.982349, 357.912916, 688.451531, 82.780377, 194.309131]
[410.036551, 666.206235, 222.191688, 0, 508.199551, 720.235781, 402.327937, 383.575317, 684.156307, 257.138014, 645.801234, 507.534116, 177.882973, 249.529335, 240.044369, 271.862014, 600.285888, 613.403068, 706.483222, 531.741628, 130.905241, 114.583973, 358.317258, 534.103958, 540.439166, 497.765545, 348.76103, 688.855403, 653.541217, 355.050264, 309.913996, 367.853734, 373.64584, 375.724214, 356.023989, 613.88833, 675.01063, 375.646439, 494.745393, 600.344062, 441.730843, 650.847882, 455.88637, 84.992458, 43.767722, 446.422596, 592.003114, 307.06855, 281.793731, 677.758745, 492.949755, 329.516775, 558.213186, 409.675937, 632.886113, 476.125663, 476.96123, 629.388912, 248.904715, 544.663966, 614.106679, 174.260497, 315.554175, 156.976404, 625.647744, 573.202108, 411.929394, 91.552029, 585.881777, 705.005635, 67.025833, 246.819089, 325.497981, 239.070534, 549.914435, 360.073156, 297.752948, 217.223282, 229.369161, 237.383755, 605.49431, 524.992961, 532.80491, 382.824756, 663.188245, 663.318076, 395.961437, 211.022405, 364.545949, 475.706159, 117.010423, 414.508161, 372.661248, 232.928846, 514.658257, 338.445182, 489.931244, 409.96532, 738.866311, 531.503459, 451.973041, 754.39333, 420.194697, 39.936681, 335.714756, 130.9291, 505.936748, 698.32841, 459.159518, 592.138941, 319.868129, 188.68219, 254.98296, 755.861945, 51.346459, 464.408718, 451.746911, 559.901139, 108.112257, 614.106103, 243.845552, 273.894596, 273.66684, 407.375913, 111.611261, 376.272033, 562.404161, 56.144221, 344.99433, 582.058117, 354.105382, 695.513381, 281.411455, 400.118565, 685.072425, 203.154865, 741.344918, 432.789582, 588.301406, 521.497536, 570.677355, 630.5538, 556.222537, 299.00305, 255.511899, 468.905178, 281.592323, 637.53156, 139.586191, 51.72505]
[139.097453, 488.823972, 297.678243, 508.199551, 0, 570.711713, 106.698788, 126.911359, 550.299544, 251.061537, 714.823228, 522.935058, 613.269206, 425.514938, 363.596085, 326.235252, 762.178896, 212.814265, 499.791581, 396.137455, 403.290943, 411.16413, 474.402937, 548.389101, 370.686371, 196.97005, 612.352094, 565.884832, 440.015186, 153.771383, 603.177946, 457.320342, 247.720129, 150.386834, 177.586208, 656.684877, 522.535438, 482.389912, 619.951321, 556.57614, 598.021392, 525.753932, 456.525846, 494.575558, 524.233194, 323.235089, 468.188045, 212.49157, 514.783933, 388.449844, 413.710401, 237.316152, 534.644937, 313.429335, 345.575428, 234.578687, 627.750326, 360.050684, 329.431122, 712.322543, 663.924153, 341.045919, 196.34058, 505.512394, 289.212826, 739.609022, 455.816501, 597.475983, 631.754126, 437.343651, 519.352061, 490.454028, 213.33718, 631.959108, 201.902941, 195.15865, 397.719447, 369.879303, 321.303379, 426.241015, 408.147518, 103.504222, 269.358248, 125.403369, 261.575059, 421.943118, 160.074933, 305.96916, 146.48115, 305.940121, 614.597031, 295.886917, 180.905119, 280.833306, 71.818394, 174.304467, 78.474571, 129.718186, 518.881393, 37.508245, 561.38065, 491.620316, 115.559994, 505.122512, 291.119317, 592.307129, 41.330399, 448.062562, 421.995272, 425.300019, 292.878857, 537.880395, 253.61487, 518.059173, 476.425115, 539.583851, 669.969089, 574.750308, 612.426675, 504.488979, 288.808576, 410.833634, 631.477743, 131.327659, 398.281043, 214.688759, 619.670208, 558.56038, 572.207756, 700.638045, 429.592598, 344.738611, 358.508807, 361.354684, 416.141589, 565.091055, 421.589215, 349.899802, 518.328592, 755.566884, 334.047304, 218.365567, 63.294316, 534.091614, 542.343011, 186.35548, 516.28566, 739.830436, 373.046086, 468.197481]
[656.540352, 81.931156, 661.948276, 720.235781, 570.711713, 0, 580.399267, 549.656373, 36.681287, 597.085344, 288.235388, 237.531255, 669.5779, 471.98802, 486.503567, 466.477995, 408.188061, 390.971622, 87.222426, 204.009832, 598.787834, 710.270989, 376.487037, 223.757293, 214.047588, 376.51169, 490.45887, 39.534355, 133.813394, 585.466357, 521.302959, 360.548797, 409.768559, 632.349828, 500.260961, 243.764233, 50.931092, 361.820704, 338.42356, 148.535215, 375.131244, 69.4572, 267.778342, 643.567014, 697.544466, 302.547012, 130.848491, 636.127271, 474.876482, 214.354136, 229.638603, 464.757143, 184.70521, 337.1711, 238.550491, 349.164971, 367.323475, 219.380519, 491.086053, 398.008545, 253.086747, 666.510563, 610.896905, 586.575217, 303.775927, 404.877525, 314.120785, 762.298848, 245.396175, 172.606013, 673.571471, 495.098963, 667.307526, 628.322558, 371.401671, 680.224866, 422.504091, 509.480692, 521.205941, 484.004186, 163.129728, 674.108311, 302.257798, 572.693045, 374.095222, 160.222517, 669.788977, 572.379627, 548.748973, 293.274204, 751.1108, 342.880351, 473.248502, 571.213115, 642.255201, 545.458051, 494.013234, 644.164733, 95.547773, 543.989955, 329.730287, 154.644927, 635.646322, 749.136774, 417.229869, 692.407186, 611.209737, 151.360414, 261.12796, 152.532502, 432.549402, 580.020291, 607.381851, 119.520761, 668.941171, 298.470009, 445.97344, 215.049587, 765.842181, 106.260712, 532.313687, 446.56858, 591.032708, 493.998534, 672.827946, 434.833643, 259.148932, 732.511301, 454.844268, 339.606082, 368.245136, 292.525573, 444.307758, 326.728024, 183.268362, 589.870655, 238.206984, 301.113893, 139.193388, 486.301141, 236.791873, 399.255795, 535.520649, 470.866568, 519.992735, 395.258411, 476.026738, 333.957729, 671.583183, 670.279433]
[76.226044, 500.660046, 191.411886, 402.327937, 106.698788, 580.399267, 0, 37.829814, 554.622113, 145.496222, 680.896684, 488.070501, 515.174238, 344.505222, 279.034038, 246.648134, 711.70165, 276.722007, 520.67377, 386.651692, 302.346261, 304.502205, 412.257349, 516.011361, 368.217142, 210.713518, 536.499687, 568.371945, 458.471863, 47.293186, 522.25378, 398.471327, 198.171003, 58.376332, 103.418682, 625.356226, 529.944299, 423.148911, 569.256293, 538.564177, 539.81081, 526.076663, 418.003003, 393.077516, 419.931072, 297.276859, 463.389677, 107.919346, 436.117965, 426.430715, 390.371457, 166.222371, 510.01386, 276.065112, 379.094378, 231.296973, 572.585572, 388.884086, 243.957493, 658.577418, 631.482232, 234.351613, 89.845578, 410.491076, 334.796951, 687.329142, 406.917038, 492.187666, 598.290213, 472.043241, 416.469481, 407.536475, 116.429629, 539.211334, 240.03466, 110.412583, 326.585042, 280.908665, 229.402018, 343.068429, 418.752175, 145.070979, 283.557648, 21.533255, 330.148133, 447.375982, 90.156551, 204.859573, 52.676728, 292.207779, 510.413284, 261.380856, 121.520462, 179.192777, 123.087739, 78.726766, 119.230161, 63.968155, 544.702729, 135.139348, 509.515962, 528.197608, 57.461816, 398.493761, 228.885606, 491.158345, 106.239437, 478.195362, 388.42685, 428.504192, 225.287672, 445.327751, 147.3808, 548.881887, 372.264702, 492.946996, 604.919129, 544.314049, 507.422702, 499.066219, 194.371885, 334.551339, 543.093506, 86.835143, 291.916372, 163.960519, 582.9829, 453.488657, 499.48502, 655.864351, 369.672766, 400.283734, 283.303986, 317.647216, 449.713917, 472.832681, 471.609408, 316.841766, 503.787496, 691.568548, 348.66535, 287.896607, 161.982092, 456.928138, 458.110397, 186.843926, 437.499235, 700.166703, 266.417345, 363.676319]
[110.228444, 470.805506, 183.538369, 383.575317, 126.911359, 549.656373, 37.829814, 0, 522.889581, 127.582738, 643.642183, 450.967967, 487.0481, 309.19326, 244.402916, 210.646244, 673.873104, 266.377474, 492.826146, 353.299549, 276.385943, 292.246898, 374.636372, 479.066678, 336.372112, 186.567685, 500.523422, 536.221369, 430.483934, 42.902244, 487.277028, 360.707766, 160.96616, 82.744344, 65.604605, 588.348549, 498.961011, 385.412763, 531.427104, 503.156728, 502.099655, 493.69553, 380.752325, 367.664801, 397.939567, 261.993794, 430.376648, 109.333513, 400.515129, 404.120875, 354.810032, 128.58953, 473.860047, 239.470224, 356.079879, 201.731844, 534.797673, 364.381155, 209.427143, 620.778692, 594.379779, 222.043765, 85.501979, 380.400452, 316.34462, 649.512576, 369.155535, 471.882313, 561.145106, 448.286471, 392.550371, 372.849398, 128.546433, 508.142294, 222.018725, 132.418028, 289.555776, 247.742906, 197.24353, 308.28442, 389.245139, 180.992213, 256.986075, 23.154299, 320.211037, 421.275893, 120.75696, 179.073072, 19.570728, 259.061281, 488.168266, 225.252013, 84.420279, 154.031983, 156.88396, 47.49816, 114.644055, 98.61866, 517.955693, 147.931556, 471.686204, 504.527495, 94.191002, 383.178173, 191.068896, 465.422718, 136.171207, 453.090724, 351.678418, 397.288614, 187.659212, 414.055145, 131.89373, 523.44286, 350.107124, 455.197907, 567.654422, 507.493394, 486.542218, 465.758745, 163.356089, 298.270732, 510.281373, 56.915067, 275.352283, 127.053199, 545.629049, 432.795137, 462.971404, 618.105593, 331.921995, 384.10556, 246.68433, 280.277741, 425.847014, 441.465413, 452.647868, 280.469658, 468.980532, 654.268947, 320.955048, 279.430157, 172.980511, 421.071979, 423.874546, 160.187083, 401.923355, 662.573319, 251.815469, 342.114363]
[630.847559, 68.770289, 629.793086, 684.156307, 550.299544, 36.681287, 554.622113, 522.889581, 0, 565.598071, 268.015929, 201.753376, 632.990094, 435.660036, 451.248402, 432.139377, 383.771351, 379.066388, 93.20105, 172.946172, 563.331069, 675.755566, 339.812176, 189.27428, 186.52825, 354.350866, 455.194496, 17.604443, 123.208894, 557.619529, 485.517205, 323.880611, 379.229033, 605.379528, 471.522049, 219.31206, 30.63148, 325.178963, 306.204811, 115.472466, 341.048443, 33.468281, 231.149265, 607.178832, 661.16006, 271.24452, 97.346331, 606.571462, 438.268617, 211.214076, 194.835075, 433.673592, 149.537343, 304.967139, 228.2991, 324.137854, 334.809231, 208.073012, 456.672745, 369.918503, 228.892386, 633.140231, 581.586046, 549.942839, 293.266853, 378.640031, 277.460253, 725.703862, 217.689505, 175.312491, 637.114702, 458.418685, 638.359256, 592.09509, 353.712512, 652.443392, 386.494334, 474.163013, 487.090287, 447.69556, 142.696117, 653.333255, 280.948451, 546.008934, 367.054403, 153.702937, 643.435818, 538.964482, 521.085572, 264.692367, 714.439837, 311.654177, 444.824974, 538.535161, 621.430063, 516.578781, 472.767409, 618.549089, 112.258027, 525.109595, 294.821464, 169.019238, 610.516364, 713.336916, 384.380147, 655.726323, 590.31126, 153.102382, 225.234597, 126.425096, 399.465749, 543.346008, 575.918398, 138.036559, 632.887027, 263.041372, 413.56273, 182.656227, 729.199309, 70.056902, 499.179223, 410.378921, 555.093327, 467.897256, 638.137707, 405.505341, 229.510287, 696.027925, 419.045283, 313.657646, 331.774235, 290.666708, 409.12067, 292.21748, 181.701425, 553.26666, 244.650482, 267.855151, 102.84214, 457.235397, 216.820717, 388.819683, 518.211021, 434.414908, 483.448381, 371.24325, 439.424982, 312.791938, 637.454676, 634.341002]
[168.204066, 524.980579, 68.324289, 257.138014, 251.061537, 597.085344, 145.496222, 127.582738, 565.598071, 0, 632.468215, 448.397981, 375.994231, 240.448453, 175.49697, 160.640062, 638.269219, 379.788451, 555.341415, 393.096831, 161.870058, 165.734028, 335.772633, 478.049149, 386.338209, 278.34501, 430.418091, 576.099392, 494.377089, 98.404702, 408.627895, 328.802589, 188.313471, 128.94409, 118.396845, 582.933233, 546.524624, 350.561326, 500.829725, 519.8382, 461.290981, 533.450695, 378.903556, 250.55053, 274.666823, 294.552341, 468.496495, 69.792247, 329.781135, 488.591068, 376.946571, 132.587672, 483.745063, 260.88528, 440.162963, 274.365342, 497.209107, 443.543284, 144.773498, 582.005481, 587.180448, 96.416351, 64.342119, 277.334162, 413.691098, 611.993708, 352.69732, 346.70755, 554.038432, 527.032438, 272.28173, 295.376778, 103.983557, 407.124865, 324.749876, 136.987322, 243.4658, 167.25983, 116.908593, 234.961426, 448.160809, 277.533414, 335.253685, 125.701219, 432.828887, 492.836078, 160.821968, 69.350651, 109.322509, 307.563682, 365.142538, 254.205356, 143.557864, 46.379398, 262.499083, 86.039383, 239.038349, 164.280127, 584.265346, 275.160467, 442.511881, 582.135833, 171.540215, 255.598259, 184.395671, 348.45645, 250.524999, 527.196343, 360.136608, 447.414312, 171.433604, 315.303635, 10.336367, 594.545765, 227.139183, 435.091175, 513.196084, 507.399128, 361.928348, 500.524051, 83.790047, 240.630565, 417.379979, 161.722276, 147.847691, 169.430717, 534.77931, 307.992992, 399.884776, 592.61383, 301.271782, 484.304542, 198.98955, 283.902159, 504.894643, 342.642062, 544.868705, 299.868784, 492.298961, 598.871482, 390.884652, 394.955983, 300.518622, 352.051176, 341.350754, 248.263705, 330.882137, 642.790011, 124.42688, 218.355357]
[752.142506, 325.280152, 681.515253, 645.801234, 714.823228, 288.235388, 680.896684, 643.642183, 268.015929, 632.468215, 0, 193.135745, 529.709767, 417.534754, 467.626564, 472.331175, 127.318749, 595.989106, 360.273006, 331.373754, 558.055521, 682.653087, 304.129841, 166.496795, 363.43433, 526.726047, 317.894622, 253.67485, 371.920039, 665.429545, 358.850878, 305.889245, 482.730516, 717.3608, 579.730666, 59.513423, 292.71032, 287.276481, 151.286786, 178.273097, 205.084387, 261.877973, 262.897331, 560.812647, 609.877486, 391.651763, 281.721741, 692.760674, 364.010482, 462.916605, 302.183116, 521.984082, 184.459328, 405.919229, 463.428525, 483.380572, 172.399218, 442.835651, 491.159867, 141.532612, 51.253506, 665.557177, 672.573379, 489.499531, 521.443584, 133.654939, 280.297714, 653.209952, 83.140223, 436.893938, 583.433843, 399.845001, 728.572717, 469.453424, 549.18171, 753.432387, 393.210724, 485.047278, 522.682024, 428.243789, 364.056393, 809.555999, 468.709129, 665.36794, 600.440436, 404.870266, 758.213881, 580.273866, 634.035444, 411.059899, 630.483399, 422.027389, 559.379066, 591.640499, 779.04169, 618.318647, 638.021591, 741.327051, 379.900519, 700.264239, 197.858091, 437.008132, 737.830473, 683.195423, 458.418759, 568.602074, 749.264926, 414.827143, 293.99178, 333.089792, 467.120087, 464.046221, 642.074162, 405.3912, 600.090899, 197.889396, 228.466734, 140.433626, 650.213963, 254.216672, 550.094854, 404.267984, 424.584661, 599.758812, 644.42279, 517.001646, 98.440916, 635.433061, 305.28184, 77.758867, 332.01046, 540.259495, 435.252892, 363.408519, 437.834734, 460.174286, 507.774583, 366.545179, 218.110828, 227.518371, 422.226843, 610.288396, 702.28302, 347.392636, 394.378933, 529.980959, 364.210302, 46.264827, 655.594845, 605.904143]
[559.961963, 220.486312, 502.699114, 507.534116, 522.935058, 237.531255, 488.070501, 450.967967, 201.753376, 448.397981, 193.135745, 0, 435.395223, 260.121327, 295.719451, 291.696988, 251.796302, 421.599618, 265.991325, 157.793729, 399.436401, 521.248276, 149.743385, 29.693409, 191.167952, 339.175908, 253.859923, 199.531292, 245.502678, 474.067324, 283.788935, 140.156759, 290.002431, 525.913027, 387.569307, 137.497395, 207.160718, 132.895192, 126.030583, 95.615134, 145.201877, 173.568945, 70.740838, 425.578843, 478.897375, 199.889418, 144.79907, 505.161995, 242.206184, 325.205418, 115.777992, 331.414412, 54.017053, 212.783826, 309.87953, 294.438692, 149.665236, 291.428898, 313.189838, 213.816061, 143.415171, 493.137819, 483.805959, 361.690362, 357.702351, 234.665756, 100.062048, 537.268172, 110.243352, 316.718331, 453.443472, 267.576498, 540.592704, 391.304252, 367.601614, 563.779914, 221.639437, 316.250064, 345.424214, 272.127103, 216.915528, 616.647903, 288.660574, 472.899989, 435.68724, 274.584349, 566.713393, 402.707169, 441.890782, 222.78299, 522.47789, 228.959422, 366.601257, 410.572065, 586.28162, 427.250816, 446.908531, 548.973927, 296.355957, 509.960251, 95.568383, 339.980269, 545.148176, 540.847858, 268.725941, 462.026613, 556.69504, 297.888791, 101.090269, 185.358894, 278.916205, 349.340902, 458.364563, 320.992344, 457.542807, 61.908476, 225.247519, 59.017835, 538.85318, 141.588558, 368.64038, 239.637021, 353.519418, 406.623101, 482.494709, 324.113944, 96.742264, 511.045105, 217.322359, 183.000964, 158.844837, 393.25655, 257.931328, 171.226622, 308.813493, 356.307887, 383.720607, 173.611169, 99.671329, 287.628629, 254.618174, 437.70217, 513.662559, 235.58509, 285.658446, 339.627472, 243.180816, 217.174029, 488.680188, 460.972299]
[543.33777, 633.06072, 366.737294, 177.882973, 613.269206, 669.5779, 515.174238, 487.0481, 632.990094, 375.994231, 529.709767, 435.395223, 0, 228.036029, 265.526579, 306.903612, 459.239444, 665.991626, 677.627503, 511.359421, 214.155168, 280.98546, 294.235337, 456.10039, 530.245722, 545.594973, 212.221384, 633.203385, 635.151542, 470.636592, 170.950681, 312.514063, 416.222668, 504.742373, 439.950135, 510.955447, 631.739714, 308.011087, 381.926952, 530.73967, 328.299119, 601.720798, 404.943091, 128.682395, 134.869595, 449.624377, 553.171493, 440.260329, 194.762305, 681.958676, 462.332873, 391.704139, 489.39875, 418.572465, 643.696395, 511.591767, 357.717063, 634.635405, 293.766743, 408.071013, 508.68238, 321.497499, 440.257975, 111.736642, 654.504324, 433.591243, 358.46242, 134.439911, 486.16462, 697.710029, 118.829932, 179.958491, 466.996658, 68.015398, 598.052568, 502.739617, 281.074337, 251.241269, 293.744728, 219.593005, 590.220003, 653.34741, 557.574667, 493.810826, 708.871649, 653.058508, 533.535091, 310.632982, 467.59315, 485.432263, 104.660507, 430.279736, 446.703359, 336.376433, 636.712761, 439.590283, 574.829128, 540.129003, 710.389818, 628.283605, 355.866829, 739.060943, 547.505789, 215.473882, 367.351825, 49.641129, 621.29155, 685.874457, 422.811741, 568.771564, 355.468028, 94.92785, 378.175224, 731.560733, 166.541508, 379.357858, 311.045903, 476.287119, 126.229931, 565.836962, 324.579767, 254.963411, 111.432945, 491.980125, 261.082598, 433.054915, 462.511859, 134.985763, 228.446064, 457.243502, 313.055, 718.792936, 292.560365, 389.02776, 681.07068, 79.813388, 747.828513, 425.48261, 530.569158, 366.341482, 576.672672, 684.489309, 649.305058, 199.858638, 149.810074, 521.287275, 193.582303, 511.457843, 289.127774, 177.323641]
[396.447661, 422.452825, 273.990904, 249.529335, 425.514938, 471.98802, 344.505222, 309.19326, 435.660036, 240.448453, 417.534754, 260.121327, 228.036029, 0, 66.596484, 99.357526, 403.353045, 442.586615, 464.795317, 292.189049, 141.389212, 265.628527, 114.782707, 287.843027, 307.063883, 322.957837, 192.900113, 439.77408, 416.497794, 309.437888, 178.207943, 120.020009, 197.038486, 356.532075, 248.643211, 377.139224, 428.115635, 132.285735, 273.116689, 351.378997, 227.257989, 402.53085, 206.372333, 171.677735, 225.622097, 222.147576, 345.658877, 309.322666, 91.844265, 456.067363, 248.112997, 188.531233, 309.440777, 190.537074, 416.449542, 285.960065, 264.156367, 408.245778, 101.25447, 346.266106, 378.987027, 250.786362, 296.759811, 122.700006, 426.65094, 376.444358, 162.656693, 293.035431, 348.136905, 475.133662, 202.106342, 65.236009, 344.336095, 220.391672, 374.358047, 376.227426, 54.245586, 74.005431, 123.860016, 12.149524, 369.728642, 489.570058, 329.755012, 323.618306, 483.115699, 431.185411, 394.402426, 175.717433, 291.940594, 257.553184, 286.734044, 202.483969, 245.734433, 194.391048, 466.055883, 266.284309, 371.849255, 389.029256, 497.589235, 431.979712, 219.801214, 519.889898, 391.560318, 281.285167, 146.643961, 234.10854, 443.844802, 465.11534, 211.881898, 351.860665, 138.328682, 134.205712, 248.098818, 516.622531, 198.689267, 223.855515, 272.911772, 315.006032, 298.656783, 365.727749, 159.177912, 27.640686, 209.806347, 295.06379, 227.154286, 220.750892, 325.719961, 261.206948, 159.62638, 365.667357, 104.582669, 490.77864, 70.239937, 163.749034, 457.307335, 156.810729, 521.800572, 199.802741, 338.813604, 358.424794, 349.775074, 461.248733, 448.880011, 113.311372, 117.429869, 301.257697, 93.170174, 419.138847, 238.28982, 201.394658]
[329.859435, 428.002714, 214.979785, 240.044369, 363.596085, 486.503567, 279.034038, 244.402916, 451.248402, 175.49697, 467.626564, 295.719451, 265.526579, 66.596484, 0, 41.399497, 463.944548, 401.261692, 467.261799, 292.535716, 112.704209, 227.241551, 164.562777, 324.961375, 300.395432, 280.914309, 259.447766, 457.786084, 413.564271, 243.038832, 243.244951, 161.991167, 151.127429, 289.935806, 186.016529, 422.666012, 439.383838, 180.748547, 329.046162, 380.252336, 286.926524, 417.781666, 232.58752, 177.083873, 227.338603, 206.778716, 356.361447, 243.656595, 158.299518, 440.108495, 257.011155, 129.488599, 339.895503, 170.479051, 396.722924, 249.732579, 323.292284, 391.66337, 35.079958, 407.324544, 425.644249, 198.58646, 230.392722, 153.834474, 397.089321, 437.412405, 195.699464, 301.954348, 393.439713, 465.486159, 208.623334, 128.516126, 278.986506, 271.551583, 333.695539, 310.306284, 74.927074, 23.141657, 58.648518, 64.047749, 365.480163, 424.066658, 301.093592, 257.958989, 445.788244, 423.431506, 327.865613, 114.145836, 226.677492, 237.587072, 303.351746, 177.120527, 186.534037, 130.105168, 401.22566, 200.506737, 314.696431, 322.496797, 499.452674, 372.588048, 272.435507, 514.398818, 325.193209, 264.71507, 103.878985, 259.803649, 379.909157, 458.384405, 227.019457, 352.850926, 90.576675, 178.886747, 183.647853, 516.013309, 189.380548, 270.184825, 337.965221, 353.624663, 311.012688, 381.538314, 92.998173, 65.739766, 267.975423, 234.831824, 188.76228, 167.998177, 372.300659, 265.589471, 225.845415, 421.576335, 137.832232, 464.749398, 42.268993, 161.385298, 445.896794, 205.020038, 504.66453, 192.946333, 361.261241, 423.959047, 332.663447, 419.64325, 391.083479, 179.898561, 179.526098, 255.91278, 159.587184, 473.515022, 193.033659, 188.45697]
[302.879715, 403.658559, 211.039912, 271.862014, 326.235252, 466.477995, 246.648134, 210.646244, 432.139377, 160.640062, 472.331175, 291.696988, 306.903612, 99.357526, 41.399497, 0, 479.496691, 360.283747, 441.023496, 267.389166, 141.339196, 243.844748, 176.037395, 321.365813, 271.598515, 240.036231, 289.907023, 440.014072, 385.156512, 214.377883, 277.456309, 168.186558, 110.208551, 263.664013, 149.302534, 423.957502, 417.97429, 190.278144, 340.676341, 370.11177, 303.090932, 398.825951, 224.324666, 214.815854, 263.178184, 175.997405, 335.644488, 224.713019, 189.974765, 405.919369, 237.407275, 89.826427, 331.454332, 138.803655, 361.375535, 210.180117, 338.343449, 357.534975, 24.719982, 423.849464, 427.82135, 203.947762, 208.07868, 195.191507, 358.561714, 453.612072, 193.667645, 338.928863, 394.889672, 433.696349, 246.049815, 164.223324, 260.68712, 312.103166, 292.908257, 289.542301, 84.247652, 58.577098, 55.431025, 100.228873, 336.935097, 391.495399, 263.345691, 226.144991, 405.36036, 392.740767, 303.035632, 111.341729, 193.971442, 203.909682, 342.129409, 142.664426, 147.15816, 119.498968, 367.31068, 169.367895, 274.642927, 294.554287, 472.693455, 333.56218, 282.037927, 484.132508, 295.894467, 293.055766, 64.928386, 300.314159, 344.651119, 427.898557, 212.13199, 327.031115, 50.297632, 219.94374, 170.008663, 487.967305, 222.452516, 274.667712, 361.25638, 350.585847, 348.786563, 363.352879, 77.776505, 88.037991, 306.734334, 196.154375, 206.759497, 126.69801, 375.052362, 301.672728, 253.104971, 432.156508, 140.671202, 427.005736, 39.089306, 139.947517, 413.48814, 245.811057, 469.735022, 167.079854, 347.337693, 447.885443, 298.820681, 378.612969, 351.343287, 210.42574, 216.189852, 214.686251, 191.404254, 482.150546, 205.407426, 220.185754]
[777.318208, 433.612934, 677.220944, 600.285888, 762.178896, 408.188061, 711.70165, 673.873104, 383.771351, 638.269219, 127.318749, 251.796302, 459.239444, 403.353045, 463.944548, 479.496691, 0, 673.3755, 472.889039, 408.407426, 534.776354, 656.917392, 303.580031, 235.520954, 441.838874, 587.58734, 252.478607, 371.27071, 474.469503, 688.419579, 293.069674, 314.286505, 517.558624, 739.667685, 608.296593, 164.610408, 405.038444, 290.375409, 142.704974, 278.975561, 177.045332, 371.645915, 308.798627, 516.932762, 560.180018, 444.842911, 376.448939, 704.138451, 328.375506, 562.716605, 367.281375, 546.203704, 268.645641, 449.030652, 555.255679, 542.00612, 141.163876, 535.5819, 493.501345, 57.307611, 155.163978, 652.995927, 687.296181, 444.605171, 607.344424, 27.35571, 306.797571, 590.732479, 169.059327, 543.284014, 534.274804, 366.979095, 740.063912, 393.43514, 618.794223, 768.900867, 395.380447, 476.679758, 522.339201, 411.838986, 457.481846, 849.448575, 540.342039, 693.749443, 685.977985, 506.73953, 780.032503, 577.692497, 661.21553, 471.940539, 563.602951, 466.880852, 592.326924, 593.781073, 820.645356, 641.290017, 689.154029, 767.667807, 495.826696, 753.311668, 202.268795, 550.711747, 766.477066, 639.629401, 482.859675, 503.713689, 792.599492, 521.901825, 346.129684, 425.33441, 487.636609, 411.803119, 646.930435, 521.705169, 560.131466, 222.730834, 149.496904, 220.591906, 584.749682, 355.940994, 554.519499, 398.226012, 348.347931, 637.733869, 620.610734, 552.069477, 165.448109, 579.668721, 257.929464, 72.40245, 343.119306, 636.479758, 440.442946, 400.836568, 540.888401, 400.92839, 613.876424, 414.970611, 313.970594, 110.503801, 504.64684, 689.381674, 759.570302, 307.473749, 345.367846, 584.691156, 327.993501, 83.185315, 636.799077, 567.695986]
[339.5981, 311.345449, 444.39866, 613.403068, 212.814265, 390.971622, 276.722007, 266.377474, 379.066388, 379.788451, 595.989106, 421.599618, 665.991626, 442.586615, 401.261692, 360.283747, 673.3755, 0, 309.87543, 266.265248, 486.737445, 542.744053, 437.705637, 439.38208, 233.269123, 120.409043, 593.705507, 396.288822, 257.436717, 309.034426, 599.151295, 415.823004, 250.137559, 334.700688, 263.139813, 536.615356, 348.79243, 437.902678, 541.209116, 420.42001, 537.72452, 362.202852, 371.831092, 571.491099, 615.068762, 245.724027, 318.581132, 375.710756, 513.32802, 186.187703, 306.650881, 284.815471, 412.495199, 262.387773, 152.512973, 157.779378, 558.046221, 171.679084, 376.951658, 633.388412, 545.433012, 475.605508, 351.518687, 554.701513, 87.666129, 655.878208, 392.840053, 692.006639, 517.439681, 235.716796, 601.644828, 503.506289, 391.99623, 662.761104, 68.228963, 386.316615, 395.358774, 418.172443, 387.557657, 448.947573, 240.995221, 310.607636, 134.439375, 282.639833, 53.833566, 231.671066, 358.973601, 404.321551, 278.73869, 210.637567, 699.406271, 246.14731, 242.261119, 385.914654, 281.118491, 295.380874, 157.896033, 327.949345, 322.585723, 177.314757, 490.711016, 286.479381, 315.014363, 623.203642, 298.653185, 660.452754, 253.088958, 250.525026, 333.499134, 267.871753, 310.766515, 575.375179, 387.168216, 316.961599, 569.702417, 460.19435, 619.634171, 459.462578, 703.720944, 351.946979, 369.5577, 418.390456, 647.600845, 218.826971, 517.413077, 238.701929, 512.458258, 653.20532, 549.098467, 603.662545, 395.31228, 132.23774, 374.264181, 307.793392, 216.762119, 599.20569, 209.964191, 277.90212, 379.806418, 697.256719, 174.148595, 18.700085, 159.332148, 526.460381, 553.376553, 146.284555, 514.977157, 630.467553, 499.628235, 564.55385]
[595.98599, 45.829873, 622.40174, 706.483222, 499.791581, 87.222426, 520.67377, 492.826146, 93.20105, 555.341415, 360.273006, 265.991325, 677.627503, 464.795317, 467.261799, 441.023496, 472.889039, 309.87543, 0, 174.772536, 579.654503, 682.890505, 384.420084, 261.446387, 170.920032, 311.349849, 517.09196, 109.423543, 62.349151, 531.301624, 543.060916, 365.225384, 367.354466, 575.286244, 449.863248, 309.449916, 67.943973, 372.381258, 383.087927, 196.313733, 410.87667, 101.541776, 273.961212, 635.133295, 688.557992, 266.858693, 125.876239, 586.837501, 484.454091, 128.360331, 217.032954, 423.28163, 220.579506, 303.907634, 157.998955, 291.352289, 410.394981, 140.771413, 465.655935, 454.680557, 319.139536, 632.775778, 561.027465, 585.06954, 222.20936, 465.861007, 319.789076, 757.817415, 304.606866, 85.392073, 666.199275, 498.511502, 615.769405, 643.855677, 298.08485, 625.061852, 411.923276, 490.368203, 493.412281, 476.282121, 107.202064, 603.206907, 237.308033, 515.396956, 289.126578, 78.772623, 610.807124, 539.890759, 494.445046, 247.974749, 750.522357, 305.175743, 422.277342, 535.026821, 571.609816, 494.900637, 425.271142, 583.50984, 32.861574, 470.707934, 361.552275, 77.894817, 573.881445, 731.933046, 384.567222, 694.667593, 540.878314, 64.241731, 255.378702, 114.411627, 400.697581, 584.572217, 565.429365, 55.263494, 655.302976, 327.471806, 488.517905, 261.982903, 763.280518, 125.362091, 498.903649, 437.776281, 610.480288, 436.07892, 646.953646, 387.516064, 313.393795, 725.237142, 477.329811, 401.62277, 366.103722, 205.622602, 425.340514, 306.365185, 96.896823, 598.107868, 152.38128, 274.585733, 169.609001, 539.7827, 172.03754, 316.694682, 459.929908, 484.48327, 530.824408, 333.832585, 485.79806, 404.478984, 642.084019, 655.243266]
[462.649158, 136.278934, 458.012578, 531.741628, 396.137455, 204.009832, 386.651692, 353.299549, 172.946172, 393.096831, 331.373754, 157.793729, 511.359421, 292.189049, 292.535716, 267.389166, 408.407426, 266.265248, 174.772536, 0, 405.029392, 510.586529, 225.221701, 173.373865, 33.441903, 200.623512, 373.908826, 184.607462, 124.421677, 386.327964, 392.555898, 203.74603, 206.283221, 435.150897, 299.437703, 271.860422, 153.625744, 216.936137, 282.058001, 161.569066, 289.439223, 141.743644, 124.460678, 461.236275, 514.418847, 98.544919, 77.299812, 433.788208, 322.775474, 180.041569, 53.21027, 260.884453, 146.985481, 133.54143, 155.567014, 161.94201, 302.73356, 139.119733, 292.099952, 371.571555, 280.372775, 463.807205, 408.93433, 413.926142, 199.93876, 392.238623, 162.998616, 584.675498, 251.488717, 187.168267, 492.481149, 331.411048, 465.897197, 484.225535, 217.978148, 481.044397, 238.572401, 315.655025, 320.83333, 303.367951, 78.94542, 496.61454, 137.467936, 376.448222, 277.937204, 142.220046, 474.048482, 369.924091, 350.13386, 94.448825, 578.8484, 138.911005, 273.153939, 367.668888, 464.948437, 344.289154, 317.691976, 450.54827, 207.130001, 376.436611, 239.049055, 228.172448, 443.498759, 557.240986, 214.189049, 524.655578, 434.03776, 174.518919, 92.817734, 60.3986, 229.865931, 416.935843, 403.398926, 224.852229, 480.590186, 205.302613, 372.764735, 193.324649, 590.774816, 112.467063, 329.429407, 264.812472, 455.464756, 299.91849, 473.99957, 233.033128, 246.228756, 551.401389, 330.444821, 337.90449, 198.448264, 239.611787, 250.573508, 131.637979, 172.373541, 432.941509, 244.22166, 100.337003, 122.384875, 442.619577, 96.849367, 281.618103, 375.182635, 326.801491, 369.081554, 210.43908, 324.260474, 364.447102, 470.672645, 480.474932]
[329.60246, 540.666874, 161.923766, 130.905241, 403.290943, 598.787834, 302.346261, 276.385943, 563.331069, 161.870058, 558.055521, 399.436401, 214.155168, 141.389212, 112.704209, 141.339196, 534.776354, 486.737445, 579.654503, 405.029392, 0, 124.601443, 256.171434, 427.797353, 411.748965, 369.292583, 298.715348, 569.427206, 525.206436, 257.030843, 268.716208, 260.230686, 243.346388, 290.727558, 236.934013, 518.511622, 551.957241, 273.665278, 411.318492, 488.020542, 362.464452, 529.866373, 340.676181, 91.319249, 128.465606, 316.835879, 468.894606, 227.371841, 206.879156, 547.01843, 369.508612, 201.922568, 446.742157, 279.821549, 502.0038, 345.836315, 399.403899, 498.684238, 118.05381, 477.499598, 520.279565, 124.431854, 226.177791, 119.630302, 495.360512, 507.476914, 300.106268, 205.379073, 489.522807, 574.986529, 117.828548, 168.273028, 256.223416, 247.867989, 421.889191, 291.752642, 179.565764, 89.572616, 99.625737, 130.138239, 477.022749, 439.205186, 402.026303, 281.201388, 535.352295, 533.783997, 320.619167, 97.578955, 256.815242, 345.236135, 215.598546, 283.968961, 249.673844, 123.163314, 422.980722, 229.01218, 373.297234, 326.098349, 611.728756, 421.562772, 360.204259, 625.079919, 333.353801, 152.364448, 204.837402, 189.079116, 408.58339, 568.895502, 338.45162, 465.269272, 188.964825, 159.77707, 164.37534, 627.864651, 83.334182, 365.243797, 394.352304, 455.478374, 217.692032, 493.459374, 120.011308, 159.799463, 263.422222, 289.521437, 86.62893, 248.236545, 467.058828, 166.472005, 278.950395, 503.163882, 240.9694, 564.978922, 154.949121, 274.07644, 554.82462, 186.077043, 610.474083, 305.108955, 471.479726, 475.088846, 440.073827, 504.310388, 444.393909, 228.573014, 201.791026, 341.058262, 207.408567, 557.518379, 102.560521, 79.558205]
[301.637208, 646.805025, 114.801868, 114.583973, 411.16413, 710.270989, 304.502205, 292.246898, 675.755566, 165.734028, 682.653087, 521.248276, 280.98546, 265.628527, 227.241551, 243.844748, 656.917392, 542.744053, 682.890505, 510.586529, 124.601443, 0, 380.299109, 550.03912, 512.22448, 434.98062, 414.647793, 683.219799, 625.194626, 257.80891, 380.715696, 383.279435, 324.055496, 270.124012, 279.605761, 642.693322, 661.811701, 397.723061, 535.697883, 607.429989, 486.300635, 642.380818, 459.729865, 158.8589, 149.887239, 416.097915, 579.459791, 201.762668, 328.563005, 634.307354, 480.923341, 271.457466, 566.847344, 378.984541, 586.963167, 422.550795, 523.149551, 587.080219, 219.196537, 599.775067, 644.613058, 70.343538, 214.892563, 221.957971, 568.854094, 629.567926, 421.325039, 204.483609, 613.639574, 667.814303, 162.158735, 290.008859, 215.361039, 333.852379, 484.363875, 248.79856, 299.74994, 205.519238, 189.755211, 254.580265, 577.193021, 416.884334, 482.698037, 286.947715, 595.0511, 629.445172, 286.055137, 146.000868, 274.638244, 438.83878, 231.579426, 378.785519, 301.530309, 158.734615, 409.293411, 251.708488, 404.755736, 302.948687, 713.992816, 438.234781, 484.798595, 720.732367, 314.263595, 97.220261, 298.524857, 238.776098, 403.799416, 664.598999, 453.389858, 569.640899, 282.302588, 261.651278, 160.428079, 727.824009, 115.382379, 489.309421, 513.73694, 578.140768, 221.565168, 606.636934, 186.699029, 282.355945, 360.709292, 326.583896, 38.759832, 316.638989, 591.327271, 170.723454, 399.529467, 627.312388, 362.405184, 639.78306, 268.233592, 383.575139, 646.485591, 283.62248, 694.508136, 410.526552, 588.190387, 591.624266, 530.513027, 558.55465, 464.277261, 349.535025, 316.79067, 404.911089, 328.927105, 681.839267, 43.447407, 104.772455]
