101
[0, 32.557641, 14.56022, 32.202484, 32.202484, 24.839485, 21.023796, 31.575307, 17.804494, 15.556349, 26.400758, 16.643317, 26.400758, 46.872167, 45.354162, 42.449971, 40.706265, 22.847319, 28.231188, 16.492423, 29.274562, 39.204592, 46.173586, 27.784888, 37.64306, 19.416488, 10.816654, 12.0, 24.041631, 11.045361, 10.440307, 20.880613, 12.369317, 24.738634, 27.202941, 40.521599, 35.805028, 56.850682, 41.593269, 24.020824, 42.011903, 40.718546, 49.396356, 46.097722, 36.687873, 39.012818, 33.734256, 28.160256, 39.824616, 6.324555, 12.041595, 15.231546, 18.439089, 25.612497, 34.058773, 38.897301, 38.078866, 23.537205, 32.015621, 28.301943, 38.288379, 19.235384, 24.413111, 38.209946, 35.0, 25.298221, 51.107729, 18.027756, 4.472136, 8.062258, 24.839485, 33.54102, 32.140317, 36.345564, 38.832976, 10.630146, 13.416408, 20.223748, 16.03122, 19.209373, 14.866069, 26.07681, 29.546573, 34.985711, 36.796739, 48.270074, 33.615473, 15.297059, 20.518285, 20.59126, 39.698866, 33.015148, 33.970576, 26.627054, 29.681644, 29.068884, 32.249031, 35.608988, 31.144823, 38.600518, 15.231546]
[32.557641, 0, 34.409301, 20.223748, 23.853721, 16.401219, 36.249138, 36.069378, 47.423623, 43.289722, 50.289164, 23.430749, 9.433981, 21.18962, 13.0, 25.179357, 32.695565, 27.45906, 47.423623, 49.030603, 10.440307, 12.206556, 23.323808, 34.985711, 30.149627, 16.401219, 23.0, 20.880613, 38.288379, 43.289722, 35.22783, 52.0, 39.357337, 48.414874, 55.569776, 54.203321, 15.297059, 32.310989, 25.495098, 9.433981, 12.206556, 12.083046, 18.439089, 24.186773, 35.805028, 45.276926, 47.434165, 41.340053, 58.668561, 32.310989, 43.324358, 27.202941, 14.142136, 25.059928, 28.635642, 18.681542, 5.830952, 9.055385, 15.652476, 24.758837, 24.041631, 42.449971, 52.611786, 63.245553, 65.795137, 57.723479, 34.176015, 30.413813, 30.066593, 39.051248, 55.542776, 12.041595, 9.0, 11.7047, 15.231546, 28.653098, 31.622777, 43.600459, 38.013156, 29.0, 42.059482, 36.055513, 29.0, 27.784888, 19.646883, 31.016125, 7.071068, 36.138622, 20.124612, 50.159745, 20.099751, 13.928388, 18.384776, 13.453624, 12.206556, 16.401219, 10.77033, 16.492423, 17.492856, 17.029386, 18.0]
[14.56022, 34.409301, 0, 25.0, 42.720019, 33.54102, 35.355339, 45.044423, 15.0, 29.154759, 40.311289, 11.18034, 32.015621, 53.150729, 47.169906, 51.478151, 52.201533, 35.355339, 42.720019, 22.36068, 26.925824, 36.400549, 40.0, 14.142136, 26.925824, 18.027756, 20.615528, 16.124515, 9.486833, 21.213203, 25.0, 31.240999, 7.28011, 14.142136, 21.540659, 55.081757, 43.011626, 64.031242, 33.376639, 25.0, 40.162171, 45.276926, 52.801515, 53.823787, 49.497475, 53.084838, 48.270074, 42.579338, 54.129474, 8.246211, 14.317821, 28.071338, 22.803509, 16.124515, 23.4094, 33.060551, 40.224371, 26.870058, 39.962482, 39.560081, 47.853944, 33.615473, 36.878178, 51.224994, 32.756679, 28.635642, 41.761226, 6.082763, 18.11077, 21.095023, 23.086793, 30.083218, 30.083218, 33.24154, 34.525353, 6.708204, 2.828427, 9.219544, 3.605551, 8.062258, 9.0, 40.049969, 41.773197, 46.173586, 45.276926, 57.706152, 38.183766, 29.832868, 30.675723, 32.557641, 47.707442, 40.224371, 42.544095, 34.132096, 36.619667, 37.589892, 38.418745, 43.266615, 39.824616, 45.80393, 22.36068]
[32.202484, 20.223748, 25.0, 0, 41.231056, 31.622777, 46.097722, 50.537115, 40.0, 47.169906, 57.008771, 15.811388, 25.495098, 41.231056, 29.154759, 45.0, 50.990195, 40.311289, 56.568542, 46.097722, 10.0, 14.142136, 15.0, 18.027756, 10.0, 14.142136, 28.284271, 22.022716, 23.769729, 42.720019, 40.0, 52.924474, 32.062439, 36.400549, 45.70558, 66.400301, 35.0, 52.201533, 9.433981, 15.811388, 18.384776, 32.015621, 36.235342, 44.407207, 52.201533, 59.941638, 59.20304, 52.801515, 68.593003, 28.160256, 38.470768, 36.235342, 21.095023, 9.219544, 8.544004, 8.246211, 24.351591, 19.924859, 34.234486, 40.496913, 43.185646, 49.040799, 56.435804, 69.634761, 57.428216, 53.338541, 19.209373, 19.026298, 32.449961, 40.249224, 48.041649, 8.944272, 11.401754, 11.401754, 10.816654, 22.803509, 23.086793, 32.557641, 28.071338, 17.029386, 34.0, 48.259714, 44.384682, 45.354162, 39.051248, 51.039201, 27.073973, 43.185646, 32.649655, 52.773099, 40.012498, 33.060551, 37.215588, 29.832868, 30.265492, 33.734256, 30.016662, 36.013886, 35.510562, 37.054015, 25.0]
[32.202484, 23.853721, 42.720019, 41.231056, 0, 10.0, 20.615528, 13.928388, 50.0, 33.54102, 35.355339, 35.355339, 15.811388, 20.0, 29.154759, 11.18034, 10.0, 11.18034, 30.0, 46.097722, 31.622777, 36.055513, 47.169906, 50.249378, 50.990195, 30.0, 22.36068, 26.925824, 50.447993, 39.051248, 27.202941, 43.829214, 43.908997, 55.901699, 59.405387, 32.695565, 11.18034, 26.925824, 48.466483, 25.495098, 35.468296, 20.124612, 28.160256, 16.492423, 12.041595, 22.203603, 26.925824, 22.090722, 39.051248, 36.235342, 44.045431, 17.691806, 22.022716, 42.011903, 48.507731, 42.047592, 24.758837, 21.377558, 8.485281, 4.472136, 6.708204, 29.410882, 40.804412, 47.0, 66.468037, 54.81788, 57.697487, 41.976184, 27.802878, 34.058773, 56.639209, 34.928498, 31.780497, 35.355339, 38.948684, 36.055513, 40.162171, 50.990195, 45.694639, 41.593269, 46.647615, 17.0, 7.071068, 4.123106, 8.062258, 16.278821, 17.691806, 24.596748, 12.083046, 40.311289, 11.0, 10.630146, 6.708204, 11.401754, 11.661904, 7.615773, 13.453624, 9.848858, 6.403124, 12.369317, 20.615528]
[24.839485, 16.401219, 33.54102, 31.622777, 10.0, 0, 20.615528, 19.849433, 42.426407, 30.413813, 35.355339, 25.495098, 7.071068, 22.36068, 25.495098, 18.027756, 20.0, 11.18034, 31.622777, 40.311289, 22.36068, 28.284271, 39.051248, 40.311289, 41.231056, 20.0, 14.142136, 17.464249, 40.804412, 33.54102, 22.803509, 40.261644, 35.608988, 47.169906, 51.662365, 37.802116, 11.18034, 32.015621, 39.357337, 15.811388, 28.600699, 18.027756, 27.073973, 21.260292, 20.615528, 29.206164, 31.064449, 25.059928, 42.485292, 27.802878, 36.878178, 13.152946, 12.041595, 32.015621, 38.639358, 33.286634, 19.313208, 11.7047, 7.211103, 8.944272, 14.317821, 28.017851, 39.051248, 48.052055, 59.816386, 49.244289, 48.877398, 32.280025, 20.808652, 28.635642, 49.678969, 26.07681, 23.021729, 27.018512, 30.610456, 26.832816, 30.870698, 42.190046, 36.71512, 31.780497, 38.418745, 19.723083, 13.038405, 14.035669, 12.041595, 24.186773, 12.369317, 22.022716, 5.09902, 37.48333, 14.866069, 8.544004, 9.219544, 3.162278, 6.0, 4.242641, 9.0, 10.816654, 6.403124, 13.892444, 11.18034]
[21.023796, 36.249138, 35.355339, 46.097722, 20.615528, 20.615528, 0, 12.206556, 36.400549, 14.142136, 15.0, 33.54102, 26.925824, 40.311289, 46.097722, 31.622777, 25.0, 10.0, 11.18034, 29.154759, 39.051248, 47.169906, 57.008771, 47.434165, 54.083269, 32.015621, 18.027756, 24.698178, 44.72136, 22.36068, 11.18034, 24.207437, 33.060551, 45.276926, 45.54119, 20.59126, 30.0, 47.434165, 55.172457, 32.015621, 48.301139, 38.209946, 47.095647, 37.107951, 18.439089, 18.11077, 13.416408, 7.28011, 22.803509, 27.166155, 30.083218, 9.899495, 25.495098, 42.544095, 50.774009, 50.328918, 39.849718, 28.84441, 26.019224, 16.278821, 27.202941, 8.944272, 20.248457, 27.45906, 49.929951, 37.013511, 65.069194, 37.64306, 17.262677, 18.027756, 41.146081, 43.416587, 40.804412, 45.221676, 48.600412, 30.083218, 33.734256, 41.048752, 37.054015, 38.275318, 35.22783, 5.830952, 14.317821, 21.023796, 28.284271, 35.777088, 32.984845, 6.324555, 16.155494, 20.248457, 31.400637, 28.071338, 26.07681, 23.769729, 26.476405, 23.086793, 29.427878, 29.017236, 24.0, 32.062439, 21.213203]
[31.575307, 36.069378, 45.044423, 50.537115, 13.928388, 19.849433, 12.206556, 0, 48.104054, 26.248809, 24.166092, 40.792156, 26.907248, 33.376639, 42.941821, 23.0, 13.928388, 10.440307, 17.720045, 41.340053, 41.880783, 48.104054, 58.898217, 55.578773, 59.615434, 37.336309, 25.179357, 31.575307, 54.009258, 34.481879, 22.847319, 36.069378, 43.931765, 56.293872, 57.384667, 18.788294, 25.079872, 38.327536, 58.830264, 34.985711, 48.166378, 34.014703, 42.059482, 29.017236, 6.403124, 9.433981, 13.152946, 9.486833, 25.317978, 37.215588, 41.785165, 17.0, 29.546573, 49.040799, 56.648036, 53.009433, 38.013156, 31.064449, 21.954498, 11.401754, 19.104973, 20.518285, 31.064449, 34.365681, 62.128898, 49.203658, 68.505474, 46.173586, 27.294688, 29.966648, 53.235327, 45.80393, 42.801869, 46.861498, 50.447993, 39.012818, 43.0, 51.78803, 47.265209, 46.389654, 46.324939, 6.403124, 7.211103, 12.041595, 21.84033, 25.70992, 30.805844, 18.35756, 17.888544, 31.890437, 24.515301, 24.186773, 20.615528, 22.627417, 24.207437, 20.0, 26.627054, 23.769729, 19.723083, 26.248809, 26.248809]
[17.804494, 47.423623, 15.0, 40.0, 50.0, 42.426407, 36.400549, 48.104054, 0, 25.0, 35.355339, 25.495098, 43.011626, 64.031242, 60.41523, 60.207973, 58.309519, 40.311289, 40.0, 11.18034, 41.231056, 50.990195, 55.0, 26.925824, 41.231056, 31.622777, 28.284271, 26.925824, 20.124612, 15.0, 25.298221, 21.931712, 8.246211, 11.18034, 9.433981, 53.0, 53.150729, 74.330344, 48.259714, 38.078866, 54.571055, 57.140179, 65.368188, 63.655322, 53.712196, 54.341513, 47.169906, 42.755117, 49.648766, 15.264338, 6.324555, 32.756679, 34.132096, 31.064449, 37.854986, 48.041649, 53.225934, 38.948684, 49.517674, 46.043458, 56.0803, 31.064449, 29.410882, 43.462628, 18.384776, 14.317821, 56.293872, 21.023796, 22.203603, 18.439089, 8.246211, 44.72136, 44.384682, 47.853944, 49.36598, 18.973666, 17.117243, 10.0, 12.165525, 23.021729, 6.0, 42.059482, 47.010637, 52.697249, 54.451814, 66.068147, 49.929951, 30.083218, 38.288379, 25.0, 57.280014, 50.328918, 51.623638, 43.931765, 46.861498, 46.669048, 49.203658, 53.075418, 48.795492, 55.973208, 32.015621]
[15.556349, 43.289722, 29.154759, 47.169906, 33.54102, 30.413813, 14.142136, 26.248809, 25.0, 0, 11.18034, 32.015621, 35.0, 52.201533, 55.0, 44.72136, 39.051248, 22.36068, 15.0, 15.811388, 42.720019, 52.201533, 60.41523, 43.011626, 53.150729, 33.54102, 20.615528, 25.495098, 38.470768, 10.0, 8.062258, 10.29563, 24.351591, 35.355339, 33.376639, 28.0, 41.231056, 60.41523, 56.603887, 36.400549, 54.341513, 48.373546, 57.428216, 49.769469, 32.557641, 30.463092, 22.36068, 18.788294, 25.298221, 21.400935, 19.104973, 17.262677, 29.832868, 41.10961, 49.578221, 53.225934, 48.041649, 34.525353, 37.107951, 29.068884, 40.249224, 6.324555, 9.486833, 22.671568, 36.235342, 23.021729, 66.287254, 33.42155, 14.764823, 8.062258, 28.160256, 47.169906, 45.221676, 49.648766, 52.554733, 26.172505, 28.600699, 32.015621, 29.546573, 34.71311, 25.70992, 19.849433, 28.017851, 34.669872, 40.496913, 49.396356, 42.047592, 8.944272, 25.317978, 7.071068, 43.65776, 38.832976, 37.947332, 33.24154, 36.345564, 33.955854, 39.319207, 40.521599, 35.44009, 43.680659, 25.495098]
[26.400758, 50.289164, 40.311289, 57.008771, 35.355339, 35.355339, 15.0, 24.166092, 35.355339, 11.18034, 0, 42.426407, 41.231056, 55.226805, 60.827625, 46.097722, 38.078866, 25.0, 7.071068, 25.0, 51.478151, 60.41523, 69.46222, 54.083269, 63.63961, 43.011626, 29.154759, 35.0, 49.648766, 20.615528, 17.029386, 15.524175, 35.468296, 46.097722, 43.0, 18.681542, 45.0, 61.846584, 66.400301, 44.72136, 62.03225, 53.150729, 62.072538, 51.78803, 30.413813, 24.758837, 15.0, 14.764823, 14.317821, 32.449961, 29.832868, 23.086793, 38.013156, 51.623638, 60.108236, 62.433965, 54.341513, 42.154478, 41.012193, 31.144823, 41.773197, 8.062258, 8.062258, 13.0, 43.680659, 30.083218, 76.216796, 44.407207, 24.758837, 19.235384, 37.121422, 55.946403, 53.665631, 58.137767, 61.294372, 37.013511, 39.661064, 43.011626, 40.718546, 45.607017, 36.687873, 18.681542, 28.635642, 35.171011, 43.185646, 49.648766, 47.67599, 14.317821, 30.594117, 11.18034, 46.270941, 43.046487, 41.048752, 38.470768, 41.303753, 38.052595, 44.28318, 44.011362, 39.0, 47.042534, 33.54102]
[16.643317, 23.430749, 11.18034, 15.811388, 35.355339, 25.495098, 33.54102, 40.792156, 25.495098, 32.015621, 42.426407, 0, 22.36068, 43.011626, 36.055513, 42.720019, 45.276926, 30.413813, 43.011626, 30.413813, 15.811388, 25.495098, 30.413813, 15.0, 21.213203, 7.071068, 15.811388, 9.219544, 15.652476, 26.925824, 25.495098, 37.161808, 17.262677, 25.0, 32.695565, 54.120237, 33.54102, 54.083269, 25.079872, 14.142136, 29.12044, 34.71311, 41.868843, 44.294469, 44.102154, 49.729267, 46.957428, 40.718546, 55.0, 12.369317, 23.021729, 24.351591, 13.601471, 9.219544, 17.691806, 23.194827, 29.206164, 16.643317, 31.016125, 33.015148, 39.560081, 34.71311, 41.048752, 54.671748, 43.680659, 38.013156, 34.481879, 7.211103, 17.691806, 24.698178, 33.734256, 19.235384, 18.973666, 22.36068, 24.020824, 7.071068, 8.544004, 20.248457, 14.764823, 6.324555, 19.646883, 37.0, 36.055513, 39.204592, 36.400549, 49.040799, 27.802878, 29.410882, 24.0, 37.215588, 38.483763, 30.870698, 33.837849, 25.298221, 27.313001, 29.12044, 28.653098, 34.014703, 31.32092, 36.235342, 15.0]
[26.400758, 9.433981, 32.015621, 25.495098, 15.811388, 7.071068, 26.925824, 26.907248, 43.011626, 35.0, 41.231056, 22.36068, 0, 21.213203, 20.0, 20.615528, 25.495098, 18.027756, 38.078866, 42.720019, 15.811388, 21.213203, 32.015621, 36.400549, 35.355339, 15.811388, 15.811388, 16.278821, 38.013156, 36.400549, 27.018512, 44.28318, 35.468296, 46.097722, 51.855569, 44.82187, 11.18034, 32.015621, 32.695565, 10.0, 21.633308, 14.317821, 23.086793, 21.954498, 27.294688, 36.235342, 38.013156, 31.906112, 49.244289, 27.802878, 38.078866, 18.248288, 9.219544, 27.294688, 33.060551, 26.41969, 13.152946, 6.082763, 9.055385, 15.811388, 18.027756, 33.54102, 44.102154, 54.120237, 61.05735, 51.623638, 42.059482, 29.529646, 23.086793, 31.780497, 50.774009, 19.235384, 16.124515, 20.0, 23.600847, 25.495098, 29.206164, 41.10961, 35.468296, 28.635642, 38.288379, 26.627054, 20.0, 19.924859, 14.317821, 26.925824, 7.28011, 27.294688, 10.77033, 42.011903, 16.155494, 8.544004, 12.041595, 4.472136, 5.09902, 8.246211, 6.403124, 11.7047, 10.049876, 13.892444, 11.18034]
[46.872167, 21.18962, 53.150729, 41.231056, 20.0, 22.36068, 40.311289, 33.376639, 64.031242, 52.201533, 55.226805, 43.011626, 21.213203, 0, 15.811388, 11.18034, 22.36068, 30.413813, 50.0, 62.64982, 31.622777, 30.0, 40.311289, 55.901699, 50.990195, 36.055513, 36.055513, 37.48333, 58.5235, 55.901699, 44.94441, 62.297673, 56.639209, 67.26812, 73.0, 51.662365, 11.18034, 11.18034, 45.044423, 29.154759, 27.166155, 9.219544, 10.630146, 5.656854, 29.410882, 40.162171, 46.52956, 42.047592, 58.694122, 48.918299, 58.821765, 35.1141, 30.413813, 46.097722, 49.729267, 38.052595, 17.117243, 26.400758, 15.231546, 24.083189, 14.317821, 48.836462, 60.207973, 67.0, 81.84131, 71.589105, 52.239832, 50.219518, 43.046487, 50.990195, 71.610055, 32.557641, 29.832868, 31.144823, 34.014703, 46.69047, 50.328918, 62.289646, 56.639209, 49.091751, 59.464275, 37.0, 27.018512, 21.377558, 12.041595, 13.601471, 15.264338, 43.416587, 27.313001, 59.20304, 9.0, 13.892444, 14.317821, 20.248457, 17.204651, 18.384776, 14.866069, 11.7047, 16.763055, 8.544004, 32.015621]
[45.354162, 13.0, 47.169906, 29.154759, 29.154759, 25.495098, 46.097722, 42.941821, 60.41523, 55.0, 60.827625, 36.055513, 20.0, 15.811388, 0, 25.0, 35.355339, 36.400549, 57.008771, 61.846584, 21.213203, 15.811388, 25.0, 46.097722, 38.078866, 29.154759, 35.355339, 33.837849, 50.249378, 55.901699, 47.010637, 64.195015, 52.325902, 61.032778, 68.476273, 61.717096, 18.027756, 25.0, 30.805844, 22.36068, 12.165525, 9.219544, 7.28011, 21.023796, 40.804412, 51.312766, 55.542776, 49.979996, 67.416615, 45.310043, 56.302753, 38.118237, 26.925824, 36.124784, 37.589892, 24.041631, 7.28011, 21.84033, 21.023796, 31.780497, 26.172505, 53.338541, 64.070274, 73.545904, 78.790862, 70.604532, 37.0, 42.801869, 42.579338, 51.478151, 68.541958, 20.248457, 18.439089, 17.888544, 19.924859, 41.593269, 44.418465, 56.302753, 50.774009, 41.231056, 55.00909, 44.598206, 35.777088, 32.202484, 22.022716, 29.068884, 13.152946, 47.169906, 30.265492, 62.008064, 20.518285, 18.788294, 22.472205, 22.36068, 19.646883, 23.4094, 16.763055, 19.416488, 23.259407, 17.691806, 30.413813]
[42.449971, 25.179357, 51.478151, 45.0, 11.18034, 18.027756, 31.622777, 23.0, 60.207973, 44.72136, 46.097722, 42.720019, 20.615528, 11.18034, 25.0, 0, 11.18034, 22.36068, 40.311289, 57.008771, 35.0, 36.400549, 47.434165, 57.008771, 55.0, 36.400549, 32.015621, 35.355339, 58.309519, 50.0, 38.275318, 55.00909, 53.600373, 65.192024, 69.526973, 40.792156, 10.0, 15.811388, 50.635956, 30.413813, 34.539832, 16.124515, 21.400935, 6.082763, 18.439089, 29.12044, 36.055513, 32.140317, 48.166378, 45.80393, 54.451814, 28.600699, 29.154759, 47.853944, 53.084838, 43.737855, 23.4094, 26.683328, 11.7047, 15.652476, 4.472136, 40.496913, 51.86521, 57.218878, 77.155687, 65.802736, 58.940648, 49.769469, 38.183766, 45.0, 67.178866, 37.215588, 34.132096, 36.674242, 40.024992, 44.777226, 48.764741, 60.207973, 54.708317, 49.040799, 56.400355, 27.45906, 17.464249, 11.045361, 6.324555, 6.324555, 18.11077, 35.777088, 21.931712, 51.478151, 5.09902, 12.165525, 8.944272, 17.464249, 15.524175, 13.892444, 15.033296, 9.055385, 11.661904, 8.246211, 29.154759]
[40.706265, 32.695565, 52.201533, 50.990195, 10.0, 20.0, 25.0, 13.928388, 58.309519, 39.051248, 38.078866, 45.276926, 25.495098, 22.36068, 35.355339, 11.18034, 0, 18.027756, 31.622777, 53.150729, 41.231056, 44.72136, 55.901699, 60.207973, 60.827625, 40.0, 31.622777, 36.674242, 60.207973, 46.097722, 34.058773, 49.203658, 52.801515, 65.0, 67.742158, 30.149627, 18.027756, 25.0, 57.870545, 35.355339, 43.566042, 26.172505, 32.449961, 17.088007, 8.062258, 18.248288, 26.172505, 23.4094, 38.013156, 45.310043, 52.153619, 25.553865, 32.015621, 52.009614, 58.420887, 51.264022, 32.449961, 31.256999, 17.088007, 12.649111, 9.219544, 33.837849, 44.777226, 48.052055, 73.878278, 61.522354, 66.85058, 51.78803, 36.235342, 41.231056, 64.404969, 44.271887, 41.10961, 44.384682, 47.927028, 45.607017, 49.729267, 60.166436, 55.027266, 51.478151, 55.461698, 19.723083, 11.401754, 6.082763, 13.601471, 12.041595, 25.942244, 30.413813, 21.587033, 45.221676, 14.866069, 18.788294, 14.317821, 21.213203, 20.880613, 17.262677, 21.931712, 16.643317, 15.524175, 17.691806, 30.413813]
[22.847319, 27.45906, 35.355339, 40.311289, 11.18034, 11.18034, 10.0, 10.440307, 40.311289, 22.36068, 25.0, 30.413813, 18.027756, 30.413813, 36.400549, 22.36068, 18.027756, 0, 20.615528, 35.355339, 32.015621, 39.051248, 49.497475, 45.276926, 49.244289, 26.925824, 15.0, 21.213203, 44.045431, 28.284271, 16.278821, 32.649655, 35.1141, 47.434165, 49.73932, 26.907248, 20.0, 38.078866, 48.826222, 25.0, 39.661064, 28.284271, 37.121422, 27.513633, 14.142136, 19.697716, 20.0, 13.892444, 31.304952, 27.892651, 34.132096, 7.615773, 19.235384, 38.600518, 46.238512, 43.27817, 30.463092, 21.260292, 16.03122, 6.708204, 17.888544, 18.439089, 29.832868, 37.336309, 55.973208, 43.931765, 58.600341, 36.013886, 18.384776, 23.345235, 46.400431, 36.124784, 33.24154, 37.48333, 41.012193, 29.068884, 33.136083, 42.720019, 37.854986, 36.124784, 37.696154, 8.602325, 6.708204, 12.727922, 18.439089, 27.202941, 23.4094, 13.416408, 7.81025, 29.154759, 21.587033, 18.11077, 16.124515, 14.317821, 16.763055, 13.152946, 19.646883, 19.026298, 14.0, 22.090722, 15.811388]
[28.231188, 47.423623, 42.720019, 56.568542, 30.0, 31.622777, 11.18034, 17.720045, 40.0, 15.0, 7.071068, 43.011626, 38.078866, 50.0, 57.008771, 40.311289, 31.622777, 20.615528, 0, 30.413813, 50.0, 58.309519, 68.007353, 55.901699, 64.031242, 42.426407, 28.284271, 34.71311, 52.201533, 25.0, 17.888544, 21.931712, 38.832976, 50.249378, 48.259714, 13.0, 40.311289, 55.901699, 65.795137, 43.011626, 59.481089, 48.836462, 57.558666, 46.173586, 23.769729, 17.691806, 8.062258, 8.246211, 12.041595, 34.539832, 34.058773, 20.808652, 36.400549, 52.201533, 60.60528, 61.220911, 50.921508, 39.962482, 36.496575, 26.07681, 36.124784, 9.219544, 15.0, 17.0, 49.979996, 36.400549, 75.690158, 46.065171, 25.553865, 22.36068, 42.755117, 54.405882, 51.86521, 56.302753, 59.64059, 38.470768, 41.629317, 46.69047, 43.680659, 47.010637, 40.447497, 13.0, 23.021729, 29.274562, 38.013156, 43.416587, 43.965896, 13.601471, 27.313001, 17.464249, 41.0, 38.639358, 36.124784, 34.785054, 37.363083, 33.734256, 40.261644, 39.204592, 34.365681, 42.107007, 32.015621]
[16.492423, 49.030603, 22.36068, 46.097722, 46.097722, 40.311289, 29.154759, 41.340053, 11.18034, 15.811388, 25.0, 30.413813, 42.720019, 62.64982, 61.846584, 57.008771, 53.150729, 35.355339, 30.413813, 0, 45.0, 55.0, 60.827625, 36.055513, 49.244289, 35.0, 26.925824, 28.284271, 29.832868, 7.071068, 19.104973, 10.77033, 15.264338, 22.36068, 18.0, 43.289722, 51.478151, 72.111026, 55.081757, 40.311289, 58.077534, 57.008771, 65.787537, 61.294372, 47.434165, 46.238512, 38.078866, 34.539832, 39.115214, 18.11077, 8.062258, 28.425341, 34.928498, 37.947332, 45.694639, 53.600373, 54.571055, 40.024992, 47.507894, 41.773197, 52.630789, 22.135944, 18.439089, 32.310989, 20.808652, 8.944272, 63.906181, 28.231188, 19.697716, 12.041595, 12.369317, 49.040799, 48.010416, 52.009614, 54.147945, 23.345235, 23.4094, 20.615528, 20.808652, 30.083218, 14.866069, 34.985711, 41.773197, 48.083261, 51.86521, 62.369865, 49.979996, 23.021729, 35.510562, 14.142136, 54.918121, 48.764741, 49.091751, 42.485292, 45.617979, 44.418465, 48.332184, 51.107729, 46.324939, 54.203321, 31.622777]
[29.274562, 10.440307, 26.925824, 10.0, 31.622777, 22.36068, 39.051248, 41.880783, 41.231056, 42.720019, 51.478151, 15.811388, 15.811388, 31.622777, 21.213203, 35.0, 41.231056, 32.015621, 50.0, 45.0, 0, 10.0, 18.027756, 25.0, 20.0, 10.0, 22.36068, 17.464249, 29.068884, 40.311289, 34.928498, 50.009999, 32.984845, 40.311289, 48.466483, 58.728187, 25.0, 42.720019, 17.0, 7.071068, 13.341664, 22.472205, 27.802878, 34.525353, 42.953463, 51.312766, 51.623638, 45.254834, 61.846584, 27.073973, 38.209946, 29.206164, 13.601471, 15.0, 18.248288, 11.313708, 15.264338, 10.816654, 24.33105, 31.304952, 33.24154, 43.416587, 52.201533, 64.412732, 59.481089, 53.150729, 26.627054, 21.954498, 28.160256, 36.878178, 49.477268, 4.472136, 3.162278, 7.071068, 9.848858, 22.36068, 24.351591, 35.777088, 30.463092, 20.248457, 35.44009, 40.360872, 35.355339, 35.735137, 29.068884, 41.048752, 17.117243, 37.215588, 24.207437, 49.040799, 30.016662, 23.086793, 27.294688, 20.248457, 20.396078, 24.041631, 20.024984, 26.019224, 25.70992, 27.073973, 18.027756]
[39.204592, 12.206556, 36.400549, 14.142136, 36.055513, 28.284271, 47.169906, 48.104054, 50.990195, 52.201533, 60.41523, 25.495098, 21.213203, 30.0, 15.811388, 36.400549, 44.72136, 39.051248, 58.309519, 55.0, 10.0, 0, 11.18034, 32.015621, 22.36068, 20.0, 31.622777, 27.294688, 37.215588, 50.249378, 44.271887, 59.841457, 42.755117, 49.244289, 57.870545, 65.946948, 26.925824, 40.311289, 15.132746, 15.811388, 4.242641, 21.095023, 23.086793, 34.234486, 48.010416, 57.384667, 59.033889, 52.801515, 69.892775, 37.054015, 48.166378, 37.589892, 22.472205, 22.472205, 22.203603, 8.246211, 13.152946, 18.35756, 27.784888, 36.878178, 35.846897, 52.392748, 61.684682, 73.409809, 69.123079, 63.126856, 22.561028, 31.016125, 37.854986, 46.69047, 59.228372, 6.324555, 7.071068, 3.162278, 4.123106, 32.249031, 33.955854, 44.94441, 39.849718, 29.154759, 45.122057, 47.634021, 41.10961, 39.962482, 31.38471, 41.773197, 18.788294, 46.097722, 31.400637, 58.694122, 31.32092, 25.942244, 30.413813, 25.495098, 24.413111, 28.600699, 22.825424, 28.231188, 29.681644, 28.160256, 26.925824]
[46.173586, 23.323808, 40.0, 15.0, 47.169906, 39.051248, 57.008771, 58.898217, 55.0, 60.41523, 69.46222, 30.413813, 32.015621, 40.311289, 25.0, 47.434165, 55.901699, 49.497475, 68.007353, 60.827625, 18.027756, 11.18034, 0, 31.622777, 18.027756, 26.925824, 40.311289, 34.928498, 38.078866, 57.008771, 52.773099, 67.052218, 47.042534, 50.990195, 60.530984, 76.380626, 38.078866, 50.0, 8.602325, 25.0, 13.152946, 31.780497, 32.062439, 44.911023, 59.076222, 68.249542, 69.354164, 63.031738, 79.81228, 42.755117, 53.338541, 47.201695, 31.622777, 24.083189, 19.697716, 7.28011, 24.041631, 28.319605, 38.948684, 47.801674, 47.010637, 61.400326, 69.856997, 82.365041, 72.339477, 68.264193, 12.0, 34.014703, 45.694639, 54.083269, 63.031738, 13.601471, 16.278821, 12.041595, 8.485281, 37.48333, 38.052595, 47.381431, 43.046487, 32.015621, 49.0, 58.0, 52.009614, 51.107729, 42.544095, 52.630789, 29.966648, 55.226805, 41.725292, 66.483081, 42.37924, 37.121422, 41.593269, 36.400549, 35.510562, 39.661064, 34.0, 39.395431, 40.816663, 39.217343, 36.055513]
[27.784888, 34.985711, 14.142136, 18.027756, 50.249378, 40.311289, 47.434165, 55.578773, 26.925824, 43.011626, 54.083269, 15.0, 36.400549, 55.901699, 46.097722, 57.008771, 60.207973, 45.276926, 55.901699, 36.055513, 25.0, 32.015621, 31.622777, 0, 15.0, 20.615528, 30.413813, 24.083189, 7.071068, 35.355339, 38.013156, 45.343136, 20.808652, 20.0, 30.066593, 67.779053, 47.434165, 67.082039, 23.537205, 26.925824, 36.235342, 47.010637, 52.801515, 57.939624, 59.076222, 64.327288, 60.74537, 54.708317, 67.601775, 21.633308, 28.017851, 38.832976, 28.284271, 10.0, 12.165525, 25.942244, 40.224371, 30.364453, 45.354162, 48.010416, 54.129474, 47.010637, 50.990195, 65.299311, 42.107007, 41.231056, 30.066593, 9.848858, 30.463092, 35.0, 33.955854, 26.172505, 27.658633, 29.068884, 28.84441, 17.464249, 14.422205, 17.464249, 15.264338, 9.219544, 21.470911, 51.419841, 51.039201, 54.147945, 50.695167, 63.324561, 40.718546, 42.544095, 39.0, 46.69047, 52.497619, 44.922155, 48.270074, 39.812058, 41.484937, 43.737855, 42.37924, 48.083261, 45.891176, 49.979996, 30.0]
[37.64306, 30.149627, 26.925824, 10.0, 50.990195, 41.231056, 54.083269, 59.615434, 41.231056, 53.150729, 63.63961, 21.213203, 35.355339, 50.990195, 38.078866, 55.0, 60.827625, 49.244289, 64.031242, 49.244289, 20.0, 22.36068, 18.027756, 15.0, 0, 22.36068, 36.055513, 29.410882, 22.022716, 47.169906, 46.69047, 57.45433, 34.176015, 35.0, 45.044423, 74.625733, 45.0, 61.846584, 9.433981, 25.495098, 26.41969, 41.773197, 45.310043, 54.332311, 61.684682, 68.942005, 67.416615, 61.05735, 76.059187, 32.449961, 41.231056, 44.418465, 30.083218, 12.041595, 3.605551, 14.422205, 33.955854, 29.614186, 44.181444, 50.0, 53.150729, 55.901699, 62.008064, 75.82216, 57.078893, 55.362442, 15.132746, 21.023796, 38.897301, 45.607017, 48.6621, 18.439089, 21.213203, 20.248457, 18.35756, 27.202941, 25.942244, 32.249031, 29.12044, 19.235384, 35.44009, 56.824291, 53.75872, 55.108983, 49.040799, 61.032778, 37.054015, 50.447993, 41.785165, 58.00862, 50.009999, 43.046487, 47.169906, 39.623226, 40.199502, 43.566042, 40.012498, 46.010868, 45.398238, 47.042534, 33.54102]
[19.416488, 16.401219, 18.027756, 14.142136, 30.0, 20.0, 32.015621, 37.336309, 31.622777, 33.54102, 43.011626, 7.071068, 15.811388, 36.055513, 29.154759, 36.400549, 40.0, 26.925824, 42.426407, 35.0, 10.0, 20.0, 26.925824, 20.615528, 22.36068, 0, 14.142136, 8.062258, 22.472205, 30.413813, 26.07681, 40.261644, 23.4094, 32.015621, 39.357337, 52.430907, 26.925824, 47.169906, 23.430749, 7.071068, 23.194827, 27.658633, 34.82815, 37.576588, 39.812058, 46.615448, 45.221676, 38.832976, 54.451814, 17.117243, 28.284271, 22.203603, 8.062258, 12.041595, 19.313208, 19.697716, 22.203603, 9.848858, 24.738634, 28.284271, 33.54102, 35.0, 42.953463, 55.758407, 49.979996, 43.185646, 33.301652, 14.21267, 18.788294, 27.202941, 39.849718, 14.142136, 13.038405, 17.029386, 19.416488, 12.649111, 15.264338, 27.202941, 21.633308, 13.038405, 26.0, 34.481879, 31.780497, 34.014703, 30.083218, 42.720019, 20.808652, 29.068884, 19.646883, 39.560081, 31.953091, 24.351591, 27.658633, 19.235384, 20.880613, 23.194827, 21.931712, 27.513633, 25.317978, 29.546573, 11.18034]
[10.816654, 23.0, 20.615528, 28.284271, 22.36068, 14.142136, 18.027756, 25.179357, 28.284271, 20.615528, 29.154759, 15.811388, 15.811388, 36.055513, 35.355339, 32.015621, 31.622777, 15.0, 28.284271, 26.925824, 22.36068, 31.622777, 40.311289, 30.413813, 36.055513, 14.142136, 0, 6.708204, 29.068884, 20.615528, 12.649111, 29.0, 21.633308, 33.54102, 37.536649, 38.587563, 25.0, 46.097722, 37.536649, 15.811388, 33.734256, 30.083218, 38.897301, 35.383612, 29.068884, 33.955854, 31.38471, 25.059928, 40.311289, 13.892444, 22.803509, 8.544004, 9.219544, 24.596748, 32.756679, 33.286634, 28.160256, 14.035669, 21.260292, 18.973666, 28.017851, 21.095023, 30.083218, 42.059482, 45.80393, 35.846897, 47.423623, 21.023796, 7.28011, 16.124515, 35.608988, 26.832816, 24.698178, 29.154759, 32.202484, 14.142136, 18.248288, 28.635642, 23.4094, 21.213203, 24.413111, 21.18962, 21.213203, 25.632011, 26.172505, 38.013156, 23.086793, 15.0, 10.29563, 27.294688, 29.0, 22.203603, 23.345235, 15.811388, 18.867962, 18.384776, 21.470911, 24.839485, 20.518285, 27.802878, 5.0]
[12.0, 20.880613, 16.124515, 22.022716, 26.925824, 17.464249, 24.698178, 31.575307, 26.925824, 25.495098, 35.0, 9.219544, 16.278821, 37.48333, 33.837849, 35.355339, 36.674242, 21.213203, 34.71311, 28.284271, 17.464249, 27.294688, 34.928498, 24.083189, 29.410882, 8.062258, 6.708204, 0, 23.537205, 23.021729, 18.027756, 32.557641, 19.209373, 30.0, 35.608988, 45.276926, 27.018512, 48.166378, 31.400637, 12.041595, 30.016662, 30.232433, 38.470768, 37.802116, 35.014283, 40.521599, 38.078866, 31.76476, 46.754679, 11.661904, 22.472205, 15.231546, 7.211103, 17.888544, 26.07681, 27.730849, 26.570661, 12.083046, 23.853721, 24.186773, 31.780497, 27.018512, 34.928498, 47.707442, 45.177428, 36.878178, 41.231056, 15.132746, 10.77033, 19.416488, 34.885527, 21.84033, 20.223748, 24.515301, 27.202941, 9.433981, 13.416408, 25.0, 19.416488, 15.0, 22.022716, 27.856777, 27.0, 30.594117, 29.154759, 41.593269, 23.021729, 21.213203, 15.132746, 31.622777, 31.622777, 24.207437, 26.41969, 18.027756, 20.615528, 21.470911, 22.627417, 27.202941, 23.706539, 29.832868, 6.324555]
[24.041631, 38.288379, 9.486833, 23.769729, 50.447993, 40.804412, 44.72136, 54.009258, 20.124612, 38.470768, 49.648766, 15.652476, 38.013156, 58.5235, 50.249378, 58.309519, 60.207973, 44.045431, 52.201533, 29.832868, 29.068884, 37.215588, 38.078866, 7.071068, 22.022716, 22.472205, 29.068884, 23.537205, 0, 30.0, 34.481879, 39.623226, 14.866069, 13.038405, 23.021729, 64.56005, 49.193496, 69.641941, 30.265492, 29.410882, 41.340053, 50.0, 56.586217, 59.941638, 58.137767, 62.289646, 57.723479, 51.971146, 63.560994, 17.720045, 21.931712, 37.013511, 29.154759, 14.764823, 19.026298, 31.953091, 43.863424, 32.249031, 46.615448, 47.67599, 55.027266, 43.081318, 45.80393, 60.216277, 35.057096, 34.438351, 37.121422, 8.544004, 27.45906, 30.413813, 26.925824, 31.064449, 32.015621, 34.132096, 34.438351, 15.0, 11.045361, 10.440307, 9.219544, 9.433981, 15.0, 49.254441, 50.249378, 54.129474, 52.0, 64.621978, 43.266615, 39.293765, 38.639358, 41.400483, 54.129474, 46.518813, 49.396356, 40.853396, 42.953463, 44.598206, 44.294469, 49.658836, 46.8188, 51.884487, 29.832868]
[11.045361, 43.289722, 21.213203, 42.720019, 39.051248, 33.54102, 22.36068, 34.481879, 15.0, 10.0, 20.615528, 26.925824, 36.400549, 55.901699, 55.901699, 50.0, 46.097722, 28.284271, 25.0, 7.071068, 40.311289, 50.249378, 57.008771, 35.355339, 47.169906, 30.413813, 20.615528, 23.021729, 30.0, 0, 12.041595, 10.29563, 15.264338, 25.495098, 23.537205, 38.0, 44.72136, 65.192024, 52.0, 35.0, 53.037722, 50.596443, 59.481089, 54.378304, 40.496913, 39.849718, 32.249031, 28.160256, 34.928498, 14.764823, 9.219544, 21.400935, 29.154759, 35.355339, 43.566042, 49.729267, 48.6621, 34.234486, 40.706265, 34.71311, 45.607017, 16.124515, 15.811388, 30.232433, 27.802878, 15.811388, 61.269895, 26.400758, 13.341664, 5.0, 18.788294, 44.553339, 43.185646, 47.381431, 49.819675, 20.124612, 21.400935, 22.472205, 20.808652, 28.017851, 16.155494, 28.178006, 34.71311, 41.012193, 44.94441, 55.317267, 43.680659, 16.124515, 28.653098, 11.401754, 48.020829, 42.047592, 42.190046, 35.846897, 39.0, 37.589892, 41.785165, 44.294469, 39.446166, 47.413078, 25.495098]
[10.440307, 35.22783, 25.0, 40.0, 27.202941, 22.803509, 11.18034, 22.847319, 25.298221, 8.062258, 17.029386, 25.495098, 27.018512, 44.94441, 47.010637, 38.275318, 34.058773, 16.278821, 17.888544, 19.104973, 34.928498, 44.271887, 52.773099, 38.013156, 46.69047, 26.07681, 12.649111, 18.027756, 34.481879, 12.041595, 0, 17.464249, 22.0, 34.132096, 34.539832, 30.083218, 33.837849, 53.712196, 49.406477, 28.460499, 46.324939, 40.607881, 49.648766, 42.941821, 28.653098, 29.274562, 23.345235, 18.0, 29.681644, 16.763055, 18.973666, 9.848858, 21.84033, 34.71311, 43.185646, 45.650849, 40.012498, 26.476405, 29.732137, 22.803509, 33.837849, 9.219544, 17.464249, 29.681644, 39.824616, 27.658633, 59.20304, 28.178006, 7.81025, 7.211103, 30.528675, 39.395431, 37.336309, 41.785165, 44.777226, 20.59126, 23.769729, 30.0, 26.305893, 29.154759, 24.083189, 16.763055, 22.671568, 29.0, 33.54102, 43.416587, 34.132096, 5.0, 17.720045, 15.0, 36.674242, 31.32092, 30.870698, 25.495098, 28.635642, 26.570661, 31.575307, 33.24154, 28.231188, 36.400549, 17.464249]
[20.880613, 52.0, 31.240999, 52.924474, 43.829214, 40.261644, 24.207437, 36.069378, 21.931712, 10.29563, 15.524175, 37.161808, 44.28318, 62.297673, 64.195015, 55.00909, 49.203658, 32.649655, 21.931712, 10.77033, 50.009999, 59.841457, 67.052218, 45.343136, 57.45433, 40.261644, 29.0, 32.557641, 39.623226, 10.29563, 17.464249, 0, 24.758837, 33.105891, 28.284271, 34.205263, 51.244512, 70.682388, 62.241465, 44.28318, 62.39391, 58.051701, 67.082039, 60.008333, 42.449971, 39.115214, 29.966648, 27.802878, 29.017236, 25.059928, 17.804494, 27.202941, 38.052595, 45.650849, 53.851648, 59.774577, 57.078893, 43.011626, 47.127487, 39.357337, 50.537115, 15.556349, 8.0, 21.540659, 28.160256, 14.56022, 71.554175, 36.619667, 22.090722, 13.152946, 22.022716, 54.341513, 52.773099, 57.070132, 59.665736, 30.413813, 31.622777, 31.064449, 30.413813, 38.275318, 25.0, 29.732137, 38.275318, 44.94441, 50.695167, 59.682493, 51.478151, 19.235384, 35.171011, 4.472136, 53.851648, 48.764741, 48.104054, 42.953463, 46.097722, 43.965896, 49.030603, 50.596443, 45.54119, 53.75872, 34.0]
[12.369317, 39.357337, 7.28011, 32.062439, 43.908997, 35.608988, 33.060551, 43.931765, 8.246211, 24.351591, 35.468296, 17.262677, 35.468296, 56.639209, 52.325902, 53.600373, 52.801515, 35.1141, 38.832976, 15.264338, 32.984845, 42.755117, 47.042534, 20.808652, 34.176015, 23.4094, 21.633308, 19.209373, 14.866069, 15.264338, 22.0, 24.758837, 0, 12.369317, 16.401219, 51.623638, 45.96738, 67.178866, 40.607881, 29.966648, 46.324939, 49.406477, 57.45433, 56.639209, 49.040799, 51.156622, 45.177428, 40.0, 49.648766, 7.81025, 7.211103, 27.513633, 26.400758, 23.345235, 30.675723, 40.0, 45.177428, 31.064449, 42.520583, 40.249224, 49.648766, 29.614186, 31.064449, 45.486262, 26.570661, 21.377558, 49.040799, 13.341664, 16.763055, 16.492423, 16.492423, 36.496575, 36.138622, 39.623226, 41.19466, 10.77033, 9.0, 8.0, 5.656854, 15.297059, 2.828427, 38.327536, 41.785165, 46.957428, 47.634021, 59.64059, 42.201896, 27.0, 31.906112, 26.627054, 50.328918, 43.139309, 44.82187, 36.796739, 39.59798, 39.824616, 41.773197, 46.010868, 42.011903, 48.795492, 24.758837]
[24.738634, 48.414874, 14.142136, 36.400549, 55.901699, 47.169906, 45.276926, 56.293872, 11.18034, 35.355339, 46.097722, 25.0, 46.097722, 67.26812, 61.032778, 65.192024, 65.0, 47.434165, 50.249378, 22.36068, 40.311289, 49.244289, 50.990195, 20.0, 35.0, 32.015621, 33.54102, 30.0, 13.038405, 25.495098, 34.132096, 33.105891, 12.369317, 0, 10.198039, 63.198101, 57.008771, 78.102497, 43.289722, 39.051248, 53.225934, 59.413803, 66.8431, 67.80118, 61.400326, 63.387696, 57.008771, 52.086467, 60.41523, 19.697716, 16.278821, 39.849718, 36.878178, 27.202941, 32.062439, 44.643029, 54.203321, 41.012193, 53.823787, 52.392748, 61.400326, 41.10961, 40.496913, 54.626001, 22.203603, 24.083189, 50.039984, 18.35756, 29.12044, 28.017851, 15.264338, 42.953463, 43.416587, 46.097722, 46.8188, 20.615528, 16.970563, 5.0, 10.630146, 20.124612, 10.049876, 50.635956, 54.083269, 59.093147, 59.076222, 71.344236, 52.325902, 39.115214, 43.829214, 36.055513, 61.611687, 54.203321, 56.302753, 48.010416, 50.606324, 51.312766, 52.497619, 57.201399, 53.535035, 59.816386, 36.055513]
[27.202941, 55.569776, 21.540659, 45.70558, 59.405387, 51.662365, 45.54119, 57.384667, 9.433981, 33.376639, 43.0, 32.695565, 51.855569, 73.0, 68.476273, 69.526973, 67.742158, 49.73932, 48.259714, 18.0, 48.466483, 57.870545, 60.530984, 30.066593, 45.044423, 39.357337, 37.536649, 35.608988, 23.021729, 23.537205, 34.539832, 28.284271, 16.401219, 10.198039, 0, 61.204575, 62.241465, 83.450584, 53.084838, 46.141088, 61.684682, 65.802736, 73.783467, 72.835431, 63.071388, 63.324561, 55.731499, 51.662365, 57.078893, 24.083189, 15.652476, 42.190046, 42.801869, 36.496575, 42.0, 53.935146, 61.400326, 47.434165, 58.694122, 55.470713, 65.436993, 39.623226, 36.221541, 49.477268, 12.041595, 16.124515, 60.133186, 26.925824, 31.622777, 27.513633, 6.708204, 51.546096, 51.623638, 54.708317, 55.785303, 26.925824, 24.166092, 13.152946, 18.027756, 28.861739, 13.601471, 51.264022, 56.435804, 62.128898, 63.702433, 75.432089, 58.600341, 39.217343, 47.634021, 32.062439, 66.483081, 59.413803, 60.876925, 53.037722, 55.901699, 55.901699, 58.137767, 62.225397, 58.051701, 65.069194, 41.036569]
[40.521599, 54.203321, 55.081757, 66.400301, 32.695565, 37.802116, 20.59126, 18.788294, 53.0, 28.0, 18.681542, 54.120237, 44.82187, 51.662365, 61.717096, 40.792156, 30.149627, 26.907248, 13.0, 43.289722, 58.728187, 65.946948, 76.380626, 67.779053, 74.625733, 52.430907, 38.587563, 45.276926, 64.56005, 38.0, 30.083218, 34.205263, 51.623638, 63.198101, 61.204575, 0, 43.863424, 55.081757, 75.286121, 51.662365, 66.400301, 52.801515, 60.74537, 46.872167, 22.36068, 12.0, 7.211103, 13.601471, 8.944272, 46.840154, 47.042534, 30.232433, 45.453273, 63.134776, 71.344236, 70.035705, 56.603887, 48.083261, 40.706265, 30.016662, 37.363083, 22.090722, 26.570661, 21.400935, 62.361847, 48.764741, 85.146932, 57.939624, 37.336309, 35.22783, 55.578773, 62.936476, 60.108236, 64.381674, 67.896981, 50.328918, 53.75872, 59.539903, 56.293872, 58.694122, 53.338541, 18.384776, 25.942244, 30.364453, 40.496913, 42.047592, 49.396356, 25.298221, 34.655447, 29.832868, 43.011626, 42.941821, 39.395431, 40.804412, 42.720019, 38.587563, 45.276926, 42.544095, 38.470768, 44.94441, 41.400483]
[35.805028, 15.297059, 43.011626, 35.0, 11.18034, 11.18034, 30.0, 25.079872, 53.150729, 41.231056, 45.0, 33.54102, 11.18034, 11.18034, 18.027756, 10.0, 18.027756, 20.0, 40.311289, 51.478151, 25.0, 26.925824, 38.078866, 47.434165, 45.0, 26.925824, 25.0, 27.018512, 49.193496, 44.72136, 33.837849, 51.244512, 45.96738, 57.008771, 62.241465, 43.863424, 0, 21.213203, 40.792156, 20.615528, 25.553865, 8.944272, 17.262677, 10.816654, 22.803509, 33.286634, 37.947332, 32.756679, 50.0, 38.183766, 47.801674, 24.041631, 20.248457, 38.078866, 43.104524, 33.955854, 14.422205, 17.088007, 4.123106, 14.317821, 8.944272, 38.209946, 49.497475, 57.218878, 70.802542, 60.41523, 49.335586, 40.706265, 31.906112, 39.812058, 60.60528, 27.294688, 24.186773, 26.925824, 30.364453, 36.400549, 40.224371, 52.009614, 46.400431, 39.812058, 48.795492, 27.45906, 18.027756, 14.21267, 4.472136, 16.124515, 8.246211, 32.557641, 16.155494, 48.270074, 5.09902, 2.828427, 4.472136, 9.219544, 6.403124, 7.28011, 5.09902, 1.414214, 6.0, 2.828427, 21.213203]
