100
[0, 1699.54641, 1845.722894, 942.327438, 2709.406208, 1440.001389, 1315.028517, 1751.112218, 1226.928278, 1379.023205, 1953.647358, 542.652743, 744.452819, 1288.50456, 511.165335, 1371.31251, 1957.147158, 876.812409, 1267.465187, 956.013075, 2104.903086, 1759.072767, 2015.962549, 658.599271, 2052.035087, 1051.492748, 462.179619, 2477.99778, 844.618257, 1615.004954, 1136.866307, 806.975216, 1648.902665, 2229.003589, 1738.828629, 1491.359447, 1043.191737, 2487.114392, 2392.414053, 379.03298, 1641.038695, 1195.006695, 2875.230252, 1519.570005, 1646.797195, 576.667148, 1203.00665, 1728.660175, 861.975638, 2216.636416, 1523.496308, 1977.131761, 32.310989, 1545.385712, 1114.016607, 2651.008865, 1512.549173, 2503.450619, 1782.802569, 1058.646778, 948.052741, 2002.1913, 1472.761352, 961.208094, 1023.516487, 1443.416087, 1040.0, 1690.908927, 1598.87867, 2350.780721, 2454.850301, 2217.768698, 1863.413266, 1561.88668, 1637.892548, 2456.499135, 1238.29318, 1254.187386, 740.762445, 1224.054329, 1723.772897, 1365.711902, 2029.072695, 1859.22699, 215.872648, 2526.121533, 2317.279655, 2507.6485, 1830.70806, 2142.093369, 2315.879531, 1361.812028, 924.876208, 2431.335641, 2400.624086, 2036.654364, 1832.882157, 2406.534853, 1271.76924, 1650.458421]
[1699.54641, 0, 1118.213307, 1352.735377, 1157.355607, 552.240889, 2851.398604, 972.275681, 2573.679273, 1824.221752, 2632.052431, 1580.825734, 1022.095886, 1561.118189, 1234.60277, 2436.577928, 1266.940014, 1973.032691, 1871.167016, 1195.764609, 617.450403, 853.99356, 349.481044, 2191.603294, 1348.816518, 2499.334511, 1244.434008, 1145.965532, 2041.423523, 331.308014, 767.32327, 2332.326092, 1803.439492, 1449.670652, 76.295478, 1685.682354, 2233.035826, 1090.557656, 1052.905029, 1477.538494, 713.740849, 1111.329384, 1299.1401, 2432.894778, 1892.523448, 1903.024172, 782.092706, 2417.847803, 1872.632372, 628.007166, 2577.4532, 2658.871941, 1714.82069, 499.384621, 1051.692446, 1195.887118, 1661.636844, 1508.412742, 988.710777, 1107.680911, 2336.080906, 585.84981, 2466.286277, 1171.047821, 708.454656, 2254.149951, 893.663248, 208.655218, 1335.149804, 679.223086, 1019.152589, 777.568003, 1124.982222, 1649.049423, 715.358651, 772.814337, 503.745968, 2638.75122, 1107.711605, 476.160687, 1919.615847, 2751.473969, 630.125384, 2564.830794, 1484.645749, 922.644027, 2739.207367, 1292.011223, 667.204616, 1376.114094, 616.370019, 1873.585333, 1640.502972, 733.878055, 717.86489, 2505.532478, 2024.968395, 1314.152198, 1783.413861, 1762.129677]
[1845.722894, 1118.213307, 0, 975.980533, 2130.104458, 1544.695763, 2533.547118, 2042.999021, 2141.061886, 1075.213467, 1769.966384, 1413.483994, 1545.482772, 863.495802, 1626.259819, 1842.205472, 2349.186242, 1569.411673, 1199.552, 1918.960135, 806.181121, 1938.239407, 1073.168207, 2012.40801, 2439.123818, 2165.144337, 1453.477554, 2233.961951, 1672.344761, 792.879562, 1575.449777, 2107.112716, 886.23981, 2555.49369, 1061.811659, 849.456297, 1783.862102, 2162.296233, 2145.182976, 1477.601096, 414.397152, 1962.775586, 2229.644366, 1744.622022, 992.461586, 1688.239912, 1640.836982, 1604.541367, 1466.582763, 1655.560328, 1940.903913, 1793.880988, 1841.087994, 1545.329091, 1865.311234, 2231.693751, 809.376303, 2626.455025, 130.138388, 790.21263, 1996.118483, 1695.832834, 1818.607434, 1897.64591, 1347.239029, 1555.225064, 1651.376698, 910.618471, 415.326378, 1220.69857, 2081.899373, 1863.502348, 17.720045, 763.466437, 1780.782132, 1326.642755, 960.133845, 2221.599649, 1674.568601, 1148.557356, 982.947608, 2312.921097, 1739.886491, 1729.065065, 1690.269209, 1878.260099, 1747.920479, 2396.868791, 483.389077, 2477.278547, 1383.148944, 1141.991681, 1195.978679, 1499.688634, 1570.663872, 1565.084662, 1055.95928, 2430.775391, 1100.096359, 837.264594]
[942.327438, 1352.735377, 975.980533, 0, 2508.490582, 1433.778574, 1607.403185, 1918.812393, 1262.128361, 579.61539, 1362.825374, 444.640304, 994.975879, 383.589624, 933.694275, 1083.994926, 2206.567017, 654.171996, 560.13659, 1407.213559, 1486.938465, 1862.624492, 1552.054123, 1039.955768, 2307.945623, 1237.237245, 689.255395, 2432.336325, 743.341779, 1102.674929, 1263.863917, 1143.822539, 757.525577, 2467.157474, 1349.966666, 592.703973, 905.402673, 2399.902706, 2337.452459, 564.684868, 921.831329, 1563.025911, 2651.867267, 1090.0, 787.904817, 714.548809, 1350.592463, 1130.763017, 547.727122, 1977.894335, 1225.170192, 1389.945682, 929.21526, 1500.946368, 1454.001376, 2528.000198, 602.886391, 2653.605095, 950.268383, 257.623757, 1065.809082, 1869.676175, 1115.717258, 1394.862717, 1011.792963, 921.095543, 1260.392399, 1230.650235, 665.024812, 1842.549592, 2339.62326, 2087.981082, 993.307606, 642.234381, 1699.676734, 1958.81214, 871.112507, 1335.618583, 1105.959312, 1008.262863, 854.908182, 1441.400014, 1909.836904, 1281.580275, 846.718371, 2275.300639, 1597.20005, 2534.545719, 1135.044052, 2377.625917, 1900.164467, 602.10049, 290.394559, 2028.487121, 2045.441028, 1323.016251, 974.002053, 2496.822981, 497.001006, 746.545377]
[2709.406208, 1157.355607, 2130.104458, 2508.490582, 0, 1273.031814, 3953.060839, 1166.138928, 3707.459642, 2974.302103, 3776.693263, 2701.139389, 1966.847223, 2710.957395, 2201.186044, 3591.318421, 1237.048503, 3115.972079, 3027.158734, 1918.135814, 1350.240349, 1077.965213, 1059.456936, 3279.109178, 1236.46674, 3615.012171, 2293.77767, 448.656884, 3177.504996, 1448.882673, 1585.052996, 3426.331128, 2924.63502, 1183.625363, 1170.154263, 2820.843314, 3376.130477, 351.140997, 460.895867, 2565.450448, 1787.537412, 1710.287987, 170.073514, 3590.219074, 3019.943874, 3014.740619, 1534.315808, 3567.679918, 3018.410178, 530.653371, 3733.652501, 3803.225999, 2731.492266, 1165.628157, 1726.277208, 218.929212, 2793.161112, 967.142699, 2014.26041, 2265.023841, 3457.907171, 707.49417, 3623.197483, 1898.46912, 1694.656307, 3410.985781, 1700.555791, 1309.95916, 2435.88526, 974.104717, 315.569327, 499.267463, 2130.508155, 2773.333734, 1127.163697, 910.042856, 1644.447628, 3768.384269, 1996.55328, 1551.507976, 3038.202923, 3882.949523, 683.059295, 3712.943442, 2497.135359, 251.920622, 3848.808777, 629.00318, 1649.014857, 1179.648253, 761.162269, 3025.929609, 2794.613748, 667.587447, 569.303083, 3631.297977, 3135.414646, 799.071962, 2938.038291, 2880.271689]
[1440.001389, 552.240889, 1544.695763, 1433.778574, 1273.031814, 0, 2712.112092, 513.078941, 2509.128335, 1989.418257, 2792.935731, 1504.479977, 695.662274, 1741.321337, 929.753731, 2464.230915, 819.702995, 1951.185281, 1993.047917, 704.159783, 1169.280548, 433.849052, 880.034658, 2034.454472, 916.176839, 2391.404817, 1046.870575, 1054.982938, 1994.225664, 783.992985, 314.230807, 2184.599048, 2054.3544, 1057.041626, 628.07404, 1910.179311, 2205.058049, 1052.48753, 964.751263, 1336.246235, 1132.757697, 572.154699, 1440.78902, 2509.591401, 2125.941909, 1797.052309, 279.708777, 2563.081349, 1865.328389, 810.059874, 2616.896062, 2820.12943, 1463.283978, 109.018347, 531.741479, 1212.437215, 1896.829196, 1220.015164, 1416.720509, 1243.603233, 2244.418856, 566.294976, 2519.290773, 680.694498, 455.484358, 2350.384224, 437.378555, 719.978472, 1650.710453, 1178.613592, 1015.827741, 778.122098, 1555.516956, 1901.578818, 267.865638, 1249.857592, 632.223062, 2561.923106, 725.27581, 446.431406, 2170.365177, 2678.044249, 590.338886, 2713.896277, 1230.465359, 1107.907036, 2979.82768, 1121.215858, 1159.74135, 970.756406, 1041.150325, 2024.341868, 1689.066014, 1125.375049, 1056.003788, 2721.096286, 2286.273168, 1065.890238, 1922.406045, 2021.145467]
[1315.028517, 2851.398604, 2533.547118, 1607.403185, 3953.060839, 2712.112092, 0, 3062.665832, 438.621705, 1545.724749, 1495.00301, 1272.774921, 2031.813476, 1684.491615, 1809.04671, 860.466153, 3271.882791, 966.033126, 1390.7178, 2269.014103, 3088.998705, 3063.377385, 3111.926252, 677.693884, 3366.237662, 370.74115, 1665.980192, 3765.362798, 867.165497, 2666.01069, 2426.450288, 527.773626, 1856.475155, 3543.325133, 2869.93885, 1779.283283, 759.684803, 3764.11291, 3676.3505, 1387.631796, 2528.95947, 2509.459105, 4112.578875, 1073.5255, 1780.617028, 948.782905, 2499.824994, 1387.346388, 1071.190926, 3436.013533, 893.035834, 1503.279748, 1285.594026, 2811.252568, 2428.916837, 3920.114794, 1820.435387, 3817.86917, 2535.394447, 1857.373683, 542.121758, 3255.857798, 964.577628, 2275.225044, 2265.305719, 1182.898981, 2342.338148, 2778.369486, 2142.705999, 3423.865944, 3723.349299, 3477.390113, 2549.389143, 1882.13974, 2932.593392, 3538.614418, 2348.758395, 359.769371, 2049.179592, 2406.653486, 1849.288782, 340.647912, 3287.747557, 1422.10302, 1500.476258, 3746.785556, 1951.05023, 3809.717706, 2742.123265, 3456.749919, 3448.472415, 1482.713728, 1344.363046, 3573.748312, 3568.987531, 1745.299115, 1896.345169, 3716.24461, 1477.735091, 1891.191423]
[1751.112218, 972.275681, 2042.999021, 1918.812393, 1166.138928, 513.078941, 3062.665832, 0, 2909.729369, 2485.575386, 3281.636787, 1928.991965, 1044.766003, 2242.911055, 1255.632112, 2910.440516, 307.657277, 2385.940905, 2478.679084, 829.072373, 1566.428102, 127.769323, 1229.967886, 2391.339583, 403.100484, 2769.382061, 1436.373211, 797.602031, 2415.869616, 1261.405962, 671.700082, 2542.851352, 2563.833458, 549.651708, 1045.665817, 2417.226717, 2630.904977, 847.313401, 734.087869, 1735.817963, 1628.757195, 591.338313, 1331.988363, 2974.395569, 2633.037979, 2194.068595, 586.904592, 3049.1894, 2308.705265, 888.682733, 3065.884049, 3308.758075, 1779.283564, 497.679616, 645.777826, 1024.243135, 2405.269424, 762.270949, 1913.639726, 1744.800562, 2635.705978, 609.540811, 2975.045546, 815.55196, 908.865227, 2823.830023, 727.248238, 1171.216889, 2163.664715, 1457.573326, 854.058546, 707.675067, 2052.815871, 2411.798499, 262.606169, 1495.016388, 1145.205658, 2954.569343, 1013.570422, 957.486815, 2679.400119, 3070.423586, 595.424219, 3199.917655, 1563.017914, 1098.566338, 3484.854803, 773.631049, 1629.346495, 461.235298, 1260.406284, 2516.888953, 2158.09036, 1299.518757, 1194.719214, 3222.630137, 2796.06241, 656.210332, 2413.326542, 2531.53096]
[1226.928278, 2573.679273, 2141.061886, 1262.128361, 3707.459642, 2509.128335, 438.621705, 2909.729369, 0, 1120.165166, 1089.690323, 1009.358707, 1864.983914, 1280.603373, 1663.88371, 426.821977, 3147.31028, 608.894901, 968.535492, 2165.589527, 2747.269554, 2893.000173, 2805.585857, 585.918083, 3245.735818, 220.517573, 1475.066439, 3561.636141, 532.301606, 2355.5424, 2248.003559, 465.026881, 1424.994386, 3420.744071, 2582.94909, 1357.000368, 360.879481, 3548.93801, 3469.571155, 1177.108746, 2177.181894, 2395.282447, 3860.844467, 644.896891, 1345.960623, 716.069829, 2328.193291, 959.694222, 714.65866, 3180.990097, 487.16527, 1101.355982, 1194.723817, 2600.630693, 2303.100519, 3695.638105, 1398.825221, 3671.937363, 2154.417323, 1519.18465, 279.658721, 3026.979518, 538.045537, 2167.112826, 2053.882421, 744.524681, 2182.624338, 2477.105569, 1739.497054, 3103.483366, 3500.442401, 3249.904152, 2156.186448, 1459.804439, 2749.253171, 3219.55851, 2071.266521, 82.661962, 1908.698509, 2157.293211, 1413.258646, 179.426865, 3062.292115, 1009.669253, 1368.849152, 3488.208279, 1543.901551, 3626.84684, 2389.622774, 3331.703018, 3150.18682, 1055.394239, 979.778036, 3277.650378, 3284.683394, 1322.296487, 1458.091904, 3551.0, 1060.287697, 1461.419173]
[1379.023205, 1824.221752, 1075.213467, 579.61539, 2974.302103, 1989.418257, 1545.724749, 2485.575386, 1120.165166, 0, 811.372294, 838.11992, 1572.194962, 263.37236, 1491.517683, 774.029069, 2778.111589, 663.132717, 157.889202, 1981.636697, 1796.709214, 2422.246891, 1952.84664, 1190.012605, 2879.161163, 1199.310635, 1241.613869, 2948.475199, 767.070401, 1527.03962, 1839.315634, 1228.338716, 321.846237, 3035.11186, 1804.662849, 239.039746, 790.67566, 2905.53076, 2853.528693, 1040.861662, 1233.356802, 2142.410792, 3105.019485, 671.25703, 278.869145, 925.428549, 1925.692083, 593.707841, 597.053599, 2449.905304, 865.794433, 838.465861, 1356.740579, 2047.283566, 2033.446827, 3019.529268, 281.442712, 3207.374316, 1120.615902, 747.566719, 1048.147413, 2380.089284, 743.497814, 1970.246685, 1584.117736, 481.08731, 1839.663284, 1665.252533, 659.893931, 2195.577601, 2838.778787, 2590.90737, 1087.909004, 340.917879, 2257.144435, 2310.446061, 1388.573729, 1202.820435, 1679.547558, 1550.170313, 358.175934, 1278.861994, 2422.308197, 740.860311, 1346.626155, 2730.404549, 1017.9165, 3066.136331, 1427.589927, 2946.143411, 2300.639259, 67.62396, 454.964834, 2428.008649, 2466.862988, 743.587251, 457.184864, 3042.231582, 107.51744, 349.502504]
[1953.647358, 2632.052431, 1769.966384, 1362.825374, 3776.693263, 2792.935731, 1495.00301, 3281.636787, 1089.690323, 811.372294, 0, 1472.918871, 2321.986219, 1072.385192, 2201.295982, 684.08479, 3568.28208, 1078.488757, 803.334302, 2715.355041, 2550.651877, 3223.923851, 2741.046698, 1504.900329, 3669.766478, 1283.585992, 1954.798199, 3759.760232, 1129.003986, 2327.8155, 2623.780669, 1456.696605, 884.959886, 3829.872713, 2609.490563, 960.013021, 980.300464, 3716.086113, 3664.828645, 1696.991455, 2009.503919, 2898.957226, 3903.060978, 471.31412, 779.9391, 1389.035997, 2710.68792, 235.98305, 1096.125905, 3255.489671, 604.752015, 27.202941, 1924.611649, 2854.516597, 2791.669214, 3827.927115, 991.583078, 4012.663579, 1847.108281, 1556.540073, 1218.570474, 3191.294408, 562.910295, 2707.33319, 2374.154165, 510.580062, 2610.477734, 2466.798938, 1378.740367, 2960.406053, 3648.612339, 3401.422056, 1778.34333, 1021.970645, 3059.976797, 3072.621356, 2199.386278, 1152.175334, 2415.873548, 2357.725387, 788.241714, 1155.140251, 3233.582843, 94.641429, 1991.525295, 3530.49175, 456.132656, 3877.034047, 2187.693306, 3740.268707, 3084.472726, 769.910384, 1144.294543, 3210.09922, 3257.129104, 297.47773, 734.804056, 3850.560479, 870.600368, 933.638581]
[542.652743, 1580.825734, 1413.483994, 444.640304, 2701.139389, 1504.479977, 1272.774921, 1928.991965, 1009.358707, 838.11992, 1472.918871, 0, 896.880148, 752.927619, 738.448373, 987.486709, 2186.609476, 458.423385, 734.991156, 1259.366904, 1839.905704, 1900.927405, 1840.427396, 636.965462, 2287.302341, 918.656084, 504.731612, 2554.080069, 490.065302, 1397.027201, 1258.61392, 764.196964, 1107.41862, 2458.197104, 1597.530907, 951.758898, 703.076809, 2539.866532, 2461.583433, 224.200803, 1303.315771, 1463.722993, 2856.490329, 1082.748817, 1104.192465, 324.722959, 1342.259662, 1239.649144, 393.286155, 2177.036748, 1144.414698, 1498.175557, 522.245153, 1593.463209, 1361.47163, 2686.314948, 974.922048, 2689.226841, 1376.539502, 639.613164, 757.450989, 2017.674404, 1063.884392, 1254.344849, 1049.137741, 967.645596, 1209.82974, 1506.368149, 1107.51298, 2156.519882, 2491.0837, 2240.600366, 1431.019567, 1026.638203, 1751.320645, 2270.370014, 1077.308684, 1067.701269, 969.146532, 1149.720401, 1181.120231, 1182.792036, 2052.933511, 1380.608924, 523.279084, 2486.038214, 1802.759274, 2625.048761, 1512.429833, 2368.098816, 2175.722868, 824.62355, 383.191858, 2300.983485, 2297.606581, 1520.57259, 1290.530511, 2557.461632, 731.317305, 1110.618296]
[744.452819, 1022.095886, 1545.482772, 994.975879, 1966.847223, 695.662274, 2031.813476, 1044.766003, 1864.983914, 1572.194962, 2321.986219, 896.880148, 0, 1369.169821, 234.341631, 1884.329058, 1291.032533, 1355.1273, 1527.927354, 415.61641, 1532.809512, 1033.667742, 1363.740811, 1355.546015, 1391.345392, 1727.142438, 394.623872, 1737.630858, 1376.971314, 1036.39423, 395.379564, 1506.932314, 1734.054786, 1563.459306, 1075.892653, 1571.478603, 1592.807898, 1743.689192, 1650.661988, 693.541635, 1211.000413, 577.041593, 2133.547515, 1969.299622, 1777.195825, 1149.515115, 468.359904, 2086.042186, 1286.424502, 1483.287228, 2041.179316, 2348.495689, 768.157536, 801.616492, 470.468915, 1906.723367, 1572.987285, 1806.953514, 1442.276326, 916.100977, 1591.138586, 1259.353803, 1958.088864, 401.383856, 313.643109, 1835.511918, 317.694822, 1069.720057, 1466.998637, 1699.046792, 1710.468942, 1473.67432, 1561.347175, 1599.261079, 900.991676, 1794.888854, 662.872537, 1910.084815, 129.541499, 561.708999, 1839.506727, 2026.029862, 1285.330308, 2234.069157, 536.962755, 1790.128487, 2589.834937, 1778.091392, 1348.146135, 1473.584066, 1626.707103, 1587.809182, 1177.713887, 1733.465027, 1689.014506, 2312.939472, 1959.666553, 1690.189339, 1482.231089, 1714.458807]
[1288.50456, 1561.118189, 863.495802, 383.589624, 2710.957395, 1741.321337, 1684.491615, 2242.911055, 1280.603373, 263.37236, 1072.385192, 752.927619, 1369.169821, 0, 1317.194746, 985.085783, 2539.238665, 736.046194, 345.079701, 1783.777172, 1547.112472, 2175.032184, 1692.064124, 1232.974047, 2639.776506, 1321.407204, 1072.631344, 2687.833514, 843.099045, 1264.00356, 1608.079911, 1300.758625, 374.34209, 2792.467905, 1541.290693, 209.773688, 927.286903, 2643.703841, 2592.95295, 921.907805, 978.45797, 1928.673378, 2842.001583, 914.280592, 408.030636, 929.890854, 1693.545689, 857.033255, 642.907458, 2186.571975, 1095.53868, 1099.368, 1270.983871, 1795.111417, 1819.45294, 2756.636356, 224.902201, 2956.061062, 890.7059, 498.205781, 1157.106737, 2119.238071, 974.343882, 1770.413793, 1350.031851, 725.00069, 1618.598159, 1402.08024, 459.200392, 1941.002318, 2576.436687, 2329.041434, 878.027904, 273.791892, 2009.166992, 2056.429916, 1131.718163, 1361.899409, 1484.023248, 1298.568828, 472.128161, 1450.620902, 2161.67065, 1003.719582, 1217.729444, 2467.220704, 1243.54051, 2808.085647, 1177.82851, 2704.102069, 2040.576879, 317.238081, 404.108896, 2168.254828, 2205.244658, 979.992347, 591.798107, 2787.924317, 245.326313, 366.563773]
[511.165335, 1234.60277, 1626.259819, 933.694275, 2201.186044, 929.753731, 1809.04671, 1255.632112, 1663.88371, 1491.517683, 2201.295982, 738.448373, 234.341631, 1317.194746, 0, 1717.501674, 1483.501601, 1188.28027, 1426.010519, 521.310848, 1710.407261, 1254.623848, 1569.001275, 1135.820849, 1581.85524, 1515.106927, 250.319795, 1967.69332, 1197.007101, 1210.781979, 625.828251, 1287.363585, 1690.517672, 1756.938531, 1283.288354, 1525.73556, 1412.360082, 1975.969635, 1881.641039, 518.663668, 1331.820558, 735.61199, 2367.839733, 1821.185603, 1720.417682, 954.13259, 693.703827, 1965.990844, 1131.450397, 1715.834782, 1874.671438, 2227.164116, 535.763007, 1035.92519, 639.841387, 2139.946261, 1533.513939, 2015.099253, 1535.293132, 917.38596, 1386.645593, 1493.693409, 1799.805545, 517.348045, 532.353266, 1701.934194, 533.496017, 1261.109432, 1487.887429, 1905.630604, 1943.877568, 1707.850111, 1643.059646, 1567.801008, 1128.518498, 2005.143885, 827.113052, 1704.372025, 244.902021, 762.444096, 1788.487909, 1819.637601, 1519.616399, 2110.577409, 308.753947, 2023.415924, 2500.311381, 2002.086162, 1491.029845, 1668.031774, 1845.744294, 1497.654833, 1065.458587, 1955.565647, 1915.401263, 2219.632627, 1907.30307, 1907.486304, 1393.879837, 1677.177689]
[1371.31251, 2436.577928, 1842.205472, 1083.994926, 3591.318421, 2464.230915, 860.466153, 2910.440516, 426.821977, 774.029069, 684.08479, 987.486709, 1884.329058, 985.085783, 1717.501674, 0, 3173.100849, 529.998113, 642.888793, 2238.000223, 2519.524757, 2875.285203, 2626.177641, 838.735358, 3273.992364, 602.608496, 1491.750649, 3495.700931, 530.00566, 2180.048853, 2238.749874, 776.047035, 1050.067617, 3444.065185, 2433.615623, 1011.769242, 330.854953, 3470.186738, 3401.46101, 1199.519904, 1945.668523, 2449.245802, 3735.707296, 220.510771, 960.40252, 795.766926, 2323.780756, 534.059922, 601.77072, 3060.669371, 157.20369, 699.496962, 1339.878353, 2544.552023, 2348.110943, 3604.334335, 1054.186416, 3667.423755, 1875.685741, 1334.587951, 537.447672, 2940.495877, 121.49074, 2234.794174, 2014.333637, 332.180674, 2196.160741, 2311.238845, 1428.529664, 2900.474444, 3413.465102, 3161.281386, 1855.750253, 1111.526878, 2720.456212, 3016.827804, 1949.034633, 501.278366, 1954.054503, 2068.019584, 1020.664979, 542.166948, 2979.182774, 597.45209, 1457.95919, 3359.205859, 1130.738254, 3583.228293, 2152.230936, 3353.880439, 2975.936827, 706.412061, 796.729565, 3104.484659, 3126.515313, 898.245512, 1051.566926, 3527.574237, 742.781933, 1091.467361]
[1957.147158, 1266.940014, 2349.186242, 2206.567017, 1237.048503, 819.702995, 3271.882791, 307.657277, 3147.31028, 2778.111589, 3568.28208, 2186.609476, 1291.032533, 2539.238665, 1483.501601, 3173.100849, 0, 2645.022684, 2764.966727, 1004.304735, 1845.943661, 413.879209, 1500.832436, 2609.912259, 101.592323, 2995.658525, 1685.627776, 807.758627, 2667.89149, 1564.701249, 945.415253, 2760.568057, 2865.46628, 273.437379, 1338.431918, 2717.052079, 2883.775303, 889.101232, 776.459915, 1984.018397, 1934.818079, 762.514262, 1389.498471, 3247.354924, 2932.729786, 2435.32544, 858.534798, 3334.575385, 2572.774572, 1082.598725, 3329.540509, 3595.320431, 1987.036235, 804.180328, 846.093375, 1055.540146, 2706.159271, 564.873437, 2219.633303, 2041.867772, 2870.108883, 828.908318, 3242.840267, 996.971414, 1194.894556, 3102.181974, 976.946774, 1469.678196, 2470.362726, 1698.19463, 924.658315, 856.743252, 2358.793336, 2714.151249, 568.546392, 1721.478725, 1451.173663, 3187.540902, 1238.631503, 1262.006339, 2980.597591, 3302.568697, 802.382079, 3485.003587, 1783.861542, 1230.660392, 3782.439689, 707.157691, 1929.442666, 185.043238, 1485.203353, 2807.167434, 2436.384411, 1504.404866, 1390.103953, 3517.82916, 3097.8499, 541.299363, 2702.853307, 2833.972477]
[876.812409, 1973.032691, 1569.411673, 654.171996, 3115.972079, 1951.185281, 966.033126, 2385.940905, 608.894901, 663.132717, 1078.488757, 458.423385, 1355.1273, 736.046194, 1188.28027, 529.998113, 2645.022684, 0, 509.733264, 1709.24574, 2140.826242, 2354.955838, 2197.540671, 527.970643, 2745.725405, 596.185374, 961.961538, 2993.571947, 107.424392, 1747.398352, 1714.766748, 570.165765, 983.86991, 2916.535102, 1979.283961, 868.765216, 260.247959, 2973.936449, 2900.124997, 669.855208, 1573.139536, 1919.270955, 3266.317345, 646.601114, 937.006403, 313.344858, 1799.040022, 858.152667, 106.780148, 2587.059528, 687.168829, 1101.494439, 847.209537, 2036.000246, 1818.139984, 3114.68907, 906.027042, 3145.120824, 1569.364521, 910.677221, 426.713018, 2447.000204, 613.176973, 1705.626278, 1497.646821, 570.201719, 1668.196631, 1870.233408, 1187.187011, 2494.604177, 2921.227482, 2669.400307, 1585.493299, 967.786133, 2202.882657, 2610.668114, 1473.339744, 681.488078, 1424.095854, 1572.955498, 1015.279764, 788.320366, 2484.064411, 983.892779, 937.358523, 2891.852348, 1461.884058, 3072.318506, 1786.138852, 2826.418936, 2543.009634, 615.574528, 378.993404, 2670.728927, 2680.305207, 1186.929231, 1099.116463, 3009.991694, 569.277612, 1007.001986]
[1267.465187, 1871.167016, 1199.552, 560.13659, 3027.158734, 1993.047917, 1390.7178, 2478.679084, 968.535492, 157.889202, 803.334302, 734.991156, 1527.927354, 345.079701, 1426.010519, 642.888793, 2764.966727, 509.733264, 0, 1929.682098, 1890.754611, 2422.621927, 2024.204782, 1037.642038, 2866.44379, 1042.067656, 1176.011054, 2978.493075, 612.071891, 1587.920968, 1820.669382, 1071.881057, 479.120027, 3026.660371, 1857.673007, 388.897159, 633.884059, 2940.858718, 2883.460594, 949.152253, 1320.037878, 2103.557225, 3162.968384, 572.923206, 427.276257, 784.543816, 1907.558911, 570.629477, 451.453209, 2499.096837, 750.461858, 830.393882, 1243.285969, 2057.939989, 1995.450075, 3061.655108, 430.470673, 3213.051665, 1233.823731, 769.81881, 890.271869, 2412.134739, 629.36317, 1920.00651, 1570.865367, 386.380641, 1809.9116, 1724.111655, 786.804296, 2281.554295, 2877.111399, 2627.018462, 1213.247295, 491.798739, 2259.389298, 2397.335187, 1413.365487, 1051.080397, 1628.000307, 1562.699267, 505.668864, 1130.773629, 2453.409872, 721.443691, 1254.800781, 2786.830817, 1075.611919, 3087.465789, 1521.696422, 2937.016173, 2373.854671, 106.018866, 362.215406, 2502.019384, 2534.190206, 794.106416, 593.839204, 3054.353287, 100.184829, 507.382499]
[956.013075, 1195.764609, 1918.960135, 1407.213559, 1918.135814, 704.159783, 2269.014103, 829.072373, 2165.589527, 1981.636697, 2715.355041, 1259.366904, 415.61641, 1783.777172, 521.310848, 2238.000223, 1004.304735, 1709.24574, 1929.682098, 0, 1779.689861, 867.882481, 1543.956606, 1612.829191, 1097.466628, 2002.834491, 761.283784, 1608.418478, 1715.085129, 1309.916791, 428.441361, 1762.367726, 2149.563909, 1274.627789, 1264.223082, 1986.808496, 1929.622761, 1639.924693, 1533.282101, 1039.917785, 1554.410821, 243.310501, 2088.207365, 2342.061058, 2191.712572, 1465.786478, 427.235298, 2479.541288, 1652.551058, 1501.88415, 2395.105843, 2741.501231, 986.590594, 807.520898, 192.275844, 1814.311164, 1988.567826, 1559.118341, 1807.384851, 1330.120295, 1886.263237, 1235.4226, 2321.082721, 24.738634, 580.538543, 2219.841661, 304.645696, 1304.473074, 1873.437482, 1862.769175, 1626.750442, 1420.902882, 1933.900204, 2014.806442, 791.037926, 1942.561453, 980.20253, 2200.272029, 302.185374, 822.060825, 2254.634782, 2313.941227, 1248.317668, 2625.630972, 797.12107, 1785.506371, 2997.888924, 1602.33954, 1660.495408, 1188.724106, 1741.845286, 1994.303136, 1573.432236, 1829.210212, 1759.54227, 2719.419423, 2374.752619, 1481.021607, 1889.089728, 2130.075116]
[2104.903086, 617.450403, 806.181121, 1486.938465, 1350.240349, 1169.280548, 3088.998705, 1566.428102, 2747.269554, 1796.709214, 2550.651877, 1839.905704, 1532.809512, 1547.112472, 1710.407261, 2519.524757, 1845.943661, 2140.826242, 1890.754611, 1779.689861, 0, 1442.188615, 354.32471, 2476.846786, 1918.299507, 2720.59442, 1645.522713, 1525.585134, 2229.646833, 499.62586, 1356.558145, 2600.957516, 1667.918763, 1994.617758, 541.335386, 1598.624409, 2388.041038, 1438.691419, 1446.273142, 1805.924971, 574.206409, 1720.167434, 1435.67754, 2461.326878, 1771.423157, 2159.489291, 1384.43418, 2367.188417, 2034.175263, 930.002151, 2639.597697, 2575.668651, 2112.727384, 1114.548339, 1652.467851, 1477.889373, 1563.376474, 1987.525597, 708.045196, 1232.59888, 2549.683314, 1059.824986, 2519.460458, 1755.06695, 1233.920986, 2271.722034, 1475.168126, 475.278866, 1171.955631, 414.754144, 1353.566031, 1171.770029, 803.125146, 1528.990844, 1319.222877, 523.244685, 883.69961, 2821.893868, 1640.162187, 977.200082, 1772.94388, 2926.106628, 1099.35663, 2501.187318, 1902.401114, 1101.50488, 2553.565742, 1710.093565, 369.362965, 1930.892281, 590.139814, 1858.587905, 1767.853218, 699.035049, 781.693674, 2363.203334, 1855.002426, 1782.192189, 1791.934151, 1620.016049]
[1759.072767, 853.99356, 1938.239407, 1862.624492, 1077.965213, 433.849052, 3063.377385, 127.769323, 2893.000173, 2422.246891, 3223.923851, 1900.927405, 1033.667742, 2175.032184, 1254.623848, 2875.285203, 413.879209, 2354.955838, 2422.621927, 867.882481, 1442.188615, 0, 1103.711013, 2388.424167, 500.936124, 2760.426416, 1418.079335, 740.547095, 2390.227813, 1151.47297, 645.006977, 2539.927558, 2487.046642, 627.286219, 926.261302, 2343.744867, 2604.003072, 776.245451, 667.036731, 1716.065558, 1523.882213, 641.950154, 1246.243154, 2930.414646, 2559.464006, 2177.02779, 565.849803, 2993.116269, 2273.923701, 768.48162, 3029.62704, 3251.102121, 1786.030515, 397.555028, 677.561805, 952.4353, 2330.016738, 793.640977, 1808.434682, 1677.152348, 2621.830849, 486.564487, 2935.534875, 851.502202, 862.325345, 2775.156392, 721.133136, 1055.902458, 2074.844572, 1329.914659, 772.109448, 602.51556, 1947.511746, 2333.872533, 166.580311, 1368.161175, 1061.587961, 2940.809582, 1018.312329, 879.52942, 2603.246051, 3056.94488, 475.563876, 3143.957061, 1563.376474, 992.179923, 3413.594293, 748.636093, 1515.56887, 543.669937, 1133.93342, 2456.238791, 2111.066318, 1175.504147, 1072.59545, 3154.879712, 2718.72654, 658.00076, 2353.762945, 2453.276992]
[2015.962549, 349.481044, 1073.168207, 1552.054123, 1059.456936, 880.034658, 3111.926252, 1229.967886, 2805.585857, 1952.84664, 2741.046698, 1840.427396, 1363.740811, 1692.064124, 1569.001275, 2626.177641, 1500.832436, 2197.540671, 2024.204782, 1543.956606, 354.32471, 1103.711013, 0, 2467.657189, 1570.065285, 2751.265164, 1555.225064, 1184.40027, 2275.690884, 450.159972, 1115.663032, 2602.679004, 1874.925332, 1641.884892, 288.142326, 1781.123803, 2454.23756, 1103.061648, 1101.695058, 1764.047902, 734.537269, 1449.20737, 1169.2767, 2596.197989, 1973.091483, 2165.150341, 1126.348081, 2541.211719, 2093.210214, 591.650235, 2758.186723, 2767.104082, 2028.876783, 808.039603, 1395.329352, 1160.233166, 1750.71414, 1634.606986, 955.264361, 1295.528464, 2583.721541, 705.581321, 2641.892693, 1519.268903, 1050.817301, 2410.544544, 1242.697469, 334.550445, 1381.622959, 336.715013, 1019.718098, 823.570883, 1074.498953, 1726.257513, 992.705898, 440.623422, 783.331986, 2875.217035, 1454.037826, 806.623828, 1986.708836, 2984.862141, 745.032214, 2682.627071, 1803.526545, 807.646581, 2792.183375, 1363.575447, 590.397324, 1579.611661, 350.069993, 2009.290671, 1842.141417, 478.56452, 516.163734, 2580.92774, 2080.592223, 1429.727596, 1929.657483, 1829.389516]
[658.599271, 2191.603294, 2012.40801, 1039.955768, 3279.109178, 2034.454472, 677.693884, 2391.339583, 585.918083, 1190.012605, 1504.900329, 636.965462, 1355.546015, 1232.974047, 1135.820849, 838.735358, 2609.912259, 527.970643, 1037.642038, 1612.829191, 2476.846786, 2388.424167, 2467.657189, 0, 2706.037879, 394.370384, 988.716845, 3087.709831, 429.167799, 2028.773028, 1749.588523, 151.55857, 1509.400212, 2882.632477, 2214.946049, 1386.740783, 524.741841, 3086.567835, 2998.657033, 716.550766, 1937.101185, 1849.54535, 3439.816856, 1035.17728, 1464.912967, 325.600983, 1823.859644, 1312.384471, 598.361931, 2765.230189, 970.139165, 1523.694523, 627.251943, 2133.846292, 1764.1916, 3243.100523, 1421.876225, 3149.58791, 1990.174364, 1266.69728, 321.759227, 2579.818792, 957.096129, 1616.953308, 1588.575777, 1031.376265, 1667.983513, 2133.10853, 1661.941636, 2788.338035, 3046.295619, 2800.960014, 2029.472838, 1482.635829, 2255.790992, 2901.302638, 1692.715274, 601.9078, 1378.2634, 1737.709412, 1543.243338, 710.291489, 2611.243573, 1412.590528, 828.618127, 3076.42276, 1928.370296, 3133.62059, 2147.486205, 2794.953488, 2796.922773, 1143.528312, 835.538748, 2920.323955, 2909.210374, 1666.291691, 1626.078719, 3043.001972, 1093.220014, 1530.394067]
[2052.035087, 1348.816518, 2439.123818, 2307.945623, 1236.46674, 916.176839, 3366.237662, 403.100484, 3245.735818, 2879.161163, 3669.766478, 2287.302341, 1391.345392, 2639.776506, 1581.85524, 3273.992364, 101.592323, 2745.725405, 2866.44379, 1097.466628, 1918.299507, 500.936124, 1570.065285, 2706.037879, 0, 3092.669559, 1785.867296, 796.141319, 2767.997832, 1651.978511, 1047.00382, 2856.481927, 2964.796114, 177.180699, 1419.02396, 2816.892082, 2983.911694, 885.578907, 776.611228, 2084.008157, 2024.746898, 857.037339, 1382.616722, 3348.799934, 3032.616857, 2534.420841, 960.125513, 3436.099242, 2673.830586, 1125.648702, 3430.485826, 3696.808624, 2082.138324, 895.911268, 943.31384, 1044.792802, 2805.709358, 489.040898, 2309.346444, 2142.228046, 2968.232471, 884.779068, 3344.048146, 1091.02933, 1296.216803, 3203.761851, 1077.849711, 1553.441663, 2566.729631, 1753.78733, 929.71501, 889.126538, 2448.433989, 2813.223418, 660.560368, 1771.337348, 1548.251272, 3285.375169, 1337.095733, 1359.98125, 3080.07159, 3400.260137, 854.774824, 3586.538861, 1880.995747, 1250.642235, 3882.823844, 673.026745, 2013.757682, 95.519631, 1535.677701, 2908.418814, 2537.971631, 1547.294736, 1430.391555, 3618.59434, 3197.140128, 497.547988, 2804.153526, 2933.018411]
[1051.492748, 2499.334511, 2165.144337, 1237.237245, 3615.012171, 2391.404817, 370.74115, 2769.382061, 220.517573, 1199.310635, 1283.585992, 918.656084, 1727.142438, 1321.407204, 1515.106927, 602.608496, 2995.658525, 596.185374, 1042.067656, 2002.834491, 2720.59442, 2760.426416, 2751.265164, 394.370384, 3092.669559, 0, 1346.303458, 3446.376648, 496.448386, 2303.675324, 2117.327561, 256.284998, 1516.479146, 3268.8215, 2514.783887, 1427.717759, 409.157671, 3439.561745, 3355.733005, 1055.871678, 2159.000926, 2237.513352, 3772.125661, 822.600754, 1448.064225, 600.273271, 2194.598824, 1132.899378, 700.823088, 3093.420437, 690.919677, 1297.336117, 1019.831849, 2487.103536, 2149.579494, 3591.398753, 1468.012262, 3530.000567, 2165.251487, 1488.301717, 171.478862, 2924.158169, 721.984072, 2006.127115, 1939.041258, 889.00225, 2043.034263, 2418.700478, 1777.98144, 3059.883821, 3395.106037, 3146.68667, 2181.126315, 1530.094442, 2622.427311, 3175.036535, 1995.675575, 212.22865, 1759.432295, 2064.221403, 1520.423625, 316.243577, 2957.658026, 1199.108002, 1211.798663, 3403.163969, 1733.118576, 3501.449129, 2372.200034, 3180.600101, 3090.507563, 1139.128175, 973.932749, 3216.577684, 3215.650012, 1498.044058, 1578.983217, 3417.331269, 1123.97242, 1548.124672]
[462.179619, 1244.434008, 1453.477554, 689.255395, 2293.77767, 1046.870575, 1665.980192, 1436.373211, 1475.066439, 1241.613869, 1954.798199, 504.731612, 394.623872, 1072.631344, 250.319795, 1491.750649, 1685.627776, 961.961538, 1176.011054, 761.283784, 1645.522713, 1418.079335, 1555.225064, 988.716845, 1785.867296, 1346.303458, 0, 2101.472103, 982.353297, 1153.454377, 773.209545, 1138.242944, 1446.765358, 1958.08197, 1280.553396, 1281.952027, 1198.184043, 2098.240215, 2011.603589, 299.50626, 1203.595447, 959.308605, 2456.195636, 1584.122786, 1473.475144, 759.01054, 853.150045, 1719.159097, 896.914712, 1786.329477, 1648.804719, 1980.838206, 473.769986, 1145.281188, 856.740918, 2254.38994, 1291.520422, 2198.541562, 1374.825443, 702.641445, 1204.080562, 1591.935928, 1568.352001, 754.403738, 600.256612, 1458.656916, 711.107587, 1228.952806, 1273.774313, 1889.408373, 2057.581104, 1812.605859, 1470.821879, 1328.254494, 1276.690252, 1995.848191, 776.14947, 1522.957649, 465.717726, 772.143121, 1542.62147, 1639.135443, 1622.852427, 1864.703998, 257.497573, 2097.526162, 2250.035777, 2155.612442, 1383.815739, 1868.197527, 1860.430058, 1247.343577, 816.035538, 1978.030586, 1952.944956, 1969.442815, 1660.909691, 2076.047206, 1143.629748, 1435.273145]
[2477.99778, 1145.965532, 2233.961951, 2432.336325, 448.656884, 1054.982938, 3765.362798, 797.602031, 3561.636141, 2948.475199, 3759.760232, 2554.080069, 1737.630858, 2687.833514, 1967.69332, 3495.700931, 807.758627, 2993.571947, 2978.493075, 1608.418478, 1525.585134, 740.547095, 1184.40027, 3087.709831, 796.141319, 3446.376648, 2101.472103, 0, 3042.255906, 1473.678391, 1342.429142, 3238.270217, 2947.625655, 735.044216, 1186.241965, 2825.208311, 3250.416896, 108.908218, 95.036835, 2391.010874, 1848.469908, 1380.278957, 586.859438, 3521.959682, 3034.708882, 2851.329514, 1275.190966, 3538.924272, 2903.248698, 595.585426, 3645.075857, 3786.816737, 2503.323591, 961.009885, 1417.779955, 248.718717, 2802.999108, 538.471912, 2108.412199, 2209.038252, 3298.718691, 568.683568, 3541.782743, 1591.882533, 1508.510855, 3352.385569, 1439.797555, 1339.32819, 2480.709979, 1222.61891, 189.179809, 371.247896, 2237.879353, 2792.865374, 840.866815, 1194.623372, 1565.152069, 3615.710857, 1741.216242, 1428.303189, 3064.120102, 3731.740881, 526.179627, 3688.089478, 2274.396623, 537.930293, 3884.214721, 203.002463, 1754.614773, 733.967983, 987.129677, 2992.990645, 2705.99575, 941.54129, 820.020122, 3646.817791, 3170.499645, 354.069202, 2897.269404, 2906.989164]
[844.618257, 2041.423523, 1672.344761, 743.341779, 3177.504996, 1994.225664, 867.165497, 2415.869616, 532.301606, 767.070401, 1129.003986, 490.065302, 1376.971314, 843.099045, 1197.007101, 530.00566, 2667.89149, 107.424392, 612.071891, 1715.085129, 2229.646833, 2390.227813, 2275.690884, 429.167799, 2767.997832, 496.448386, 982.353297, 3042.255906, 0, 1825.999179, 1746.890094, 463.341127, 1088.464974, 2940.42939, 2050.752301, 975.563939, 215.956014, 3026.007601, 2949.414349, 684.112564, 1664.899997, 1931.98266, 3329.949699, 678.160011, 1038.838293, 268.001866, 1829.787146, 917.497684, 205.761998, 2650.147354, 685.253968, 1150.687621, 813.668237, 2082.26055, 1833.357848, 3169.947003, 1013.049357, 3177.080578, 1669.49723, 997.296846, 325.379778, 2501.423994, 628.20538, 1713.005838, 1539.026316, 629.471207, 1693.026875, 1946.088641, 1293.006187, 2577.357174, 2975.472063, 2724.229432, 1688.562999, 1074.870225, 2241.288915, 2693.12755, 1539.236824, 599.628218, 1437.435564, 1629.238166, 1116.631094, 710.631409, 2537.558669, 1034.526462, 929.090415, 2956.770197, 1528.733136, 3115.010273, 1878.096909, 2850.550824, 2619.233857, 717.417591, 478.037655, 2746.481567, 2752.540645, 1258.160959, 1197.327441, 3047.151129, 675.077033, 1112.514719]
[1615.004954, 331.308014, 792.879562, 1102.674929, 1448.882673, 783.992985, 2666.01069, 1261.405962, 2355.5424, 1527.03962, 2327.8155, 1397.027201, 1036.39423, 1264.00356, 1210.781979, 2180.048853, 1564.701249, 1747.398352, 1587.920968, 1309.916791, 499.62586, 1151.47297, 450.159972, 2028.773028, 1651.978511, 2303.675324, 1153.454377, 1473.678391, 1825.999179, 0, 900.88179, 2160.896573, 1483.587881, 1763.798741, 288.433701, 1373.247975, 2004.108281, 1413.864562, 1381.387708, 1335.289107, 383.500978, 1283.293419, 1578.0, 2157.481866, 1575.729038, 1721.436609, 944.313507, 2119.739843, 1643.052342, 930.682545, 2314.357362, 2354.358724, 1624.550707, 766.198408, 1202.858263, 1508.974818, 1346.790258, 1837.184803, 662.795594, 846.887242, 2135.487064, 916.92148, 2199.331035, 1285.719254, 745.249623, 1973.972897, 1009.007929, 139.168962, 1007.615998, 759.68217, 1339.443541, 1103.464091, 800.764635, 1330.275535, 998.971972, 873.345865, 384.360508, 2425.413161, 1147.436273, 490.560903, 1598.924639, 2534.847135, 961.212255, 2264.389542, 1408.965578, 1203.538533, 2416.646437, 1622.970733, 376.033243, 1686.733233, 797.491693, 1580.304085, 1392.966977, 925.844479, 947.785313, 2188.676312, 1701.680346, 1644.454013, 1495.770704, 1440.961485]
[1136.866307, 767.32327, 1575.449777, 1263.863917, 1585.052996, 314.230807, 2426.450288, 671.700082, 2248.003559, 1839.315634, 2623.780669, 1258.61392, 395.379564, 1608.079911, 625.828251, 2238.749874, 945.415253, 1714.766748, 1820.669382, 428.441361, 1356.558145, 645.006977, 1115.663032, 1749.588523, 1047.00382, 2117.327561, 773.209545, 1342.429142, 1746.890094, 900.88179, 0, 1900.79194, 1949.677153, 1211.218395, 836.020335, 1795.006964, 1961.326592, 1350.324776, 1255.906047, 1071.067225, 1184.94599, 389.617761, 1753.40811, 2304.646611, 2009.131653, 1532.063967, 86.925255, 2389.685544, 1637.00733, 1122.562248, 2394.18838, 2650.776679, 1161.576945, 423.206805, 302.152279, 1515.331317, 1788.212515, 1430.620844, 1455.165283, 1116.219512, 1977.204339, 879.634583, 2303.744126, 403.725154, 259.416653, 2157.19007, 130.172962, 882.471529, 1600.590516, 1436.393052, 1319.760963, 1087.943473, 1588.842346, 1802.825837, 506.202529, 1518.809073, 615.325117, 2296.129134, 411.613897, 431.372229, 2062.314234, 2412.293929, 902.002772, 2539.992126, 931.967811, 1422.042545, 2850.656065, 1384.627748, 1264.892486, 1121.055306, 1324.530483, 1865.688345, 1491.256182, 1418.258087, 1357.462707, 2581.767612, 2181.478398, 1303.00614, 1760.816288, 1922.226313]
