100
[0.00, 1699.55, 1845.72, 942.33, 2709.41, 1440.00, 1315.03, 1751.11, 1226.93, 1379.02, 1953.65, 542.65, 744.45, 1288.50, 511.17, 1371.31, 1957.15, 876.81, 1267.47, 956.01, 2104.90, 1759.07, 2015.96, 658.60, 2052.04, 1051.49, 462.18, 2478.00, 844.62, 1615.00, 1136.87, 806.98, 1648.90, 2229.00, 1738.83, 1491.36, 1043.19, 2487.11, 2392.41, 379.03, 1641.04, 1195.01, 2875.23, 1519.57, 1646.80, 576.67, 1203.01, 1728.66, 861.98, 2216.64, 1523.50, 1977.13, 32.31, 1545.39, 1114.02, 2651.01, 1512.55, 2503.45, 1782.80, 1058.65, 948.05, 2002.19, 1472.76, 961.21, 1023.52, 1443.42, 1040.00, 1690.91, 1598.88, 2350.78, 2454.85, 2217.77, 1863.41, 1561.89, 1637.89, 2456.50, 1238.29, 1254.19, 740.76, 1224.05, 1723.77, 1365.71, 2029.07, 1859.23, 215.87, 2526.12, 2317.28, 2507.65, 1830.71, 2142.09, 2315.88, 1361.81, 924.88, 2431.34, 2400.62, 2036.65, 1832.88, 2406.53, 1271.77, 1650.46]
[1699.55, 0.00, 1118.21, 1352.74, 1157.36, 552.24, 2851.40, 972.28, 2573.68, 1824.22, 2632.05, 1580.83, 1022.10, 1561.12, 1234.60, 2436.58, 1266.94, 1973.03, 1871.17, 1195.76, 617.45, 853.99, 349.48, 2191.60, 1348.82, 2499.33, 1244.43, 1145.97, 2041.42, 331.31, 767.32, 2332.33, 1803.44, 1449.67, 76.30, 1685.68, 2233.04, 1090.56, 1052.91, 1477.54, 713.74, 1111.33, 1299.14, 2432.89, 1892.52, 1903.02, 782.09, 2417.85, 1872.63, 628.01, 2577.45, 2658.87, 1714.82, 499.38, 1051.69, 1195.89, 1661.64, 1508.41, 988.71, 1107.68, 2336.08, 585.85, 2466.29, 1171.05, 708.45, 2254.15, 893.66, 208.66, 1335.15, 679.22, 1019.15, 777.57, 1124.98, 1649.05, 715.36, 772.81, 503.75, 2638.75, 1107.71, 476.16, 1919.62, 2751.47, 630.13, 2564.83, 1484.65, 922.64, 2739.21, 1292.01, 667.20, 1376.11, 616.37, 1873.59, 1640.50, 733.88, 717.86, 2505.53, 2024.97, 1314.15, 1783.41, 1762.13]
[1845.72, 1118.21, 0.00, 975.98, 2130.10, 1544.70, 2533.55, 2043.00, 2141.06, 1075.21, 1769.97, 1413.48, 1545.48, 863.50, 1626.26, 1842.21, 2349.19, 1569.41, 1199.55, 1918.96, 806.18, 1938.24, 1073.17, 2012.41, 2439.12, 2165.14, 1453.48, 2233.96, 1672.34, 792.88, 1575.45, 2107.11, 886.24, 2555.49, 1061.81, 849.46, 1783.86, 2162.30, 2145.18, 1477.60, 414.40, 1962.78, 2229.64, 1744.62, 992.46, 1688.24, 1640.84, 1604.54, 1466.58, 1655.56, 1940.90, 1793.88, 1841.09, 1545.33, 1865.31, 2231.69, 809.38, 2626.46, 130.14, 790.21, 1996.12, 1695.83, 1818.61, 1897.65, 1347.24, 1555.23, 1651.38, 910.62, 415.33, 1220.70, 2081.90, 1863.50, 17.72, 763.47, 1780.78, 1326.64, 960.13, 2221.60, 1674.57, 1148.56, 982.95, 2312.92, 1739.89, 1729.07, 1690.27, 1878.26, 1747.92, 2396.87, 483.39, 2477.28, 1383.15, 1141.99, 1195.98, 1499.69, 1570.66, 1565.08, 1055.96, 2430.78, 1100.10, 837.26]
[942.33, 1352.74, 975.98, 0.00, 2508.49, 1433.78, 1607.40, 1918.81, 1262.13, 579.62, 1362.83, 444.64, 994.98, 383.59, 933.69, 1083.99, 2206.57, 654.17, 560.14, 1407.21, 1486.94, 1862.62, 1552.05, 1039.96, 2307.95, 1237.24, 689.26, 2432.34, 743.34, 1102.67, 1263.86, 1143.82, 757.53, 2467.16, 1349.97, 592.70, 905.40, 2399.90, 2337.45, 564.68, 921.83, 1563.03, 2651.87, 1090.00, 787.90, 714.55, 1350.59, 1130.76, 547.73, 1977.89, 1225.17, 1389.95, 929.22, 1500.95, 1454.00, 2528.00, 602.89, 2653.61, 950.27, 257.62, 1065.81, 1869.68, 1115.72, 1394.86, 1011.79, 921.10, 1260.39, 1230.65, 665.02, 1842.55, 2339.62, 2087.98, 993.31, 642.23, 1699.68, 1958.81, 871.11, 1335.62, 1105.96, 1008.26, 854.91, 1441.40, 1909.84, 1281.58, 846.72, 2275.30, 1597.20, 2534.55, 1135.04, 2377.63, 1900.16, 602.10, 290.39, 2028.49, 2045.44, 1323.02, 974.00, 2496.82, 497.00, 746.55]
[2709.41, 1157.36, 2130.10, 2508.49, 0.00, 1273.03, 3953.06, 1166.14, 3707.46, 2974.30, 3776.69, 2701.14, 1966.85, 2710.96, 2201.19, 3591.32, 1237.05, 3115.97, 3027.16, 1918.14, 1350.24, 1077.97, 1059.46, 3279.11, 1236.47, 3615.01, 2293.78, 448.66, 3177.50, 1448.88, 1585.05, 3426.33, 2924.64, 1183.63, 1170.15, 2820.84, 3376.13, 351.14, 460.90, 2565.45, 1787.54, 1710.29, 170.07, 3590.22, 3019.94, 3014.74, 1534.32, 3567.68, 3018.41, 530.65, 3733.65, 3803.23, 2731.49, 1165.63, 1726.28, 218.93, 2793.16, 967.14, 2014.26, 2265.02, 3457.91, 707.49, 3623.20, 1898.47, 1694.66, 3410.99, 1700.56, 1309.96, 2435.89, 974.10, 315.57, 499.27, 2130.51, 2773.33, 1127.16, 910.04, 1644.45, 3768.38, 1996.55, 1551.51, 3038.20, 3882.95, 683.06, 3712.94, 2497.14, 251.92, 3848.81, 629.00, 1649.01, 1179.65, 761.16, 3025.93, 2794.61, 667.59, 569.30, 3631.30, 3135.41, 799.07, 2938.04, 2880.27]
[1440.00, 552.24, 1544.70, 1433.78, 1273.03, 0.00, 2712.11, 513.08, 2509.13, 1989.42, 2792.94, 1504.48, 695.66, 1741.32, 929.75, 2464.23, 819.70, 1951.19, 1993.05, 704.16, 1169.28, 433.85, 880.03, 2034.45, 916.18, 2391.40, 1046.87, 1054.98, 1994.23, 783.99, 314.23, 2184.60, 2054.35, 1057.04, 628.07, 1910.18, 2205.06, 1052.49, 964.75, 1336.25, 1132.76, 572.15, 1440.79, 2509.59, 2125.94, 1797.05, 279.71, 2563.08, 1865.33, 810.06, 2616.90, 2820.13, 1463.28, 109.02, 531.74, 1212.44, 1896.83, 1220.02, 1416.72, 1243.60, 2244.42, 566.29, 2519.29, 680.69, 455.48, 2350.38, 437.38, 719.98, 1650.71, 1178.61, 1015.83, 778.12, 1555.52, 1901.58, 267.87, 1249.86, 632.22, 2561.92, 725.28, 446.43, 2170.37, 2678.04, 590.34, 2713.90, 1230.47, 1107.91, 2979.83, 1121.22, 1159.74, 970.76, 1041.15, 2024.34, 1689.07, 1125.38, 1056.00, 2721.10, 2286.27, 1065.89, 1922.41, 2021.15]
[1315.03, 2851.40, 2533.55, 1607.40, 3953.06, 2712.11, 0.00, 3062.67, 438.62, 1545.72, 1495.00, 1272.77, 2031.81, 1684.49, 1809.05, 860.47, 3271.88, 966.03, 1390.72, 2269.01, 3089.00, 3063.38, 3111.93, 677.69, 3366.24, 370.74, 1665.98, 3765.36, 867.17, 2666.01, 2426.45, 527.77, 1856.48, 3543.33, 2869.94, 1779.28, 759.68, 3764.11, 3676.35, 1387.63, 2528.96, 2509.46, 4112.58, 1073.53, 1780.62, 948.78, 2499.82, 1387.35, 1071.19, 3436.01, 893.04, 1503.28, 1285.59, 2811.25, 2428.92, 3920.11, 1820.44, 3817.87, 2535.39, 1857.37, 542.12, 3255.86, 964.58, 2275.23, 2265.31, 1182.90, 2342.34, 2778.37, 2142.71, 3423.87, 3723.35, 3477.39, 2549.39, 1882.14, 2932.59, 3538.61, 2348.76, 359.77, 2049.18, 2406.65, 1849.29, 340.65, 3287.75, 1422.10, 1500.48, 3746.79, 1951.05, 3809.72, 2742.12, 3456.75, 3448.47, 1482.71, 1344.36, 3573.75, 3568.99, 1745.30, 1896.35, 3716.24, 1477.74, 1891.19]
[1751.11, 972.28, 2043.00, 1918.81, 1166.14, 513.08, 3062.67, 0.00, 2909.73, 2485.58, 3281.64, 1928.99, 1044.77, 2242.91, 1255.63, 2910.44, 307.66, 2385.94, 2478.68, 829.07, 1566.43, 127.77, 1229.97, 2391.34, 403.10, 2769.38, 1436.37, 797.60, 2415.87, 1261.41, 671.70, 2542.85, 2563.83, 549.65, 1045.67, 2417.23, 2630.90, 847.31, 734.09, 1735.82, 1628.76, 591.34, 1331.99, 2974.40, 2633.04, 2194.07, 586.90, 3049.19, 2308.71, 888.68, 3065.88, 3308.76, 1779.28, 497.68, 645.78, 1024.24, 2405.27, 762.27, 1913.64, 1744.80, 2635.71, 609.54, 2975.05, 815.55, 908.87, 2823.83, 727.25, 1171.22, 2163.66, 1457.57, 854.06, 707.68, 2052.82, 2411.80, 262.61, 1495.02, 1145.21, 2954.57, 1013.57, 957.49, 2679.40, 3070.42, 595.42, 3199.92, 1563.02, 1098.57, 3484.85, 773.63, 1629.35, 461.24, 1260.41, 2516.89, 2158.09, 1299.52, 1194.72, 3222.63, 2796.06, 656.21, 2413.33, 2531.53]
[1226.93, 2573.68, 2141.06, 1262.13, 3707.46, 2509.13, 438.62, 2909.73, 0.00, 1120.17, 1089.69, 1009.36, 1864.98, 1280.60, 1663.88, 426.82, 3147.31, 608.89, 968.54, 2165.59, 2747.27, 2893.00, 2805.59, 585.92, 3245.74, 220.52, 1475.07, 3561.64, 532.30, 2355.54, 2248.00, 465.03, 1424.99, 3420.74, 2582.95, 1357.00, 360.88, 3548.94, 3469.57, 1177.11, 2177.18, 2395.28, 3860.84, 644.90, 1345.96, 716.07, 2328.19, 959.69, 714.66, 3180.99, 487.17, 1101.36, 1194.72, 2600.63, 2303.10, 3695.64, 1398.83, 3671.94, 2154.42, 1519.18, 279.66, 3026.98, 538.05, 2167.11, 2053.88, 744.52, 2182.62, 2477.11, 1739.50, 3103.48, 3500.44, 3249.90, 2156.19, 1459.80, 2749.25, 3219.56, 2071.27, 82.66, 1908.70, 2157.29, 1413.26, 179.43, 3062.29, 1009.67, 1368.85, 3488.21, 1543.90, 3626.85, 2389.62, 3331.70, 3150.19, 1055.39, 979.78, 3277.65, 3284.68, 1322.30, 1458.09, 3551.00, 1060.29, 1461.42]
[1379.02, 1824.22, 1075.21, 579.62, 2974.30, 1989.42, 1545.72, 2485.58, 1120.17, 0.00, 811.37, 838.12, 1572.19, 263.37, 1491.52, 774.03, 2778.11, 663.13, 157.89, 1981.64, 1796.71, 2422.25, 1952.85, 1190.01, 2879.16, 1199.31, 1241.61, 2948.48, 767.07, 1527.04, 1839.32, 1228.34, 321.85, 3035.11, 1804.66, 239.04, 790.68, 2905.53, 2853.53, 1040.86, 1233.36, 2142.41, 3105.02, 671.26, 278.87, 925.43, 1925.69, 593.71, 597.05, 2449.91, 865.79, 838.47, 1356.74, 2047.28, 2033.45, 3019.53, 281.44, 3207.37, 1120.62, 747.57, 1048.15, 2380.09, 743.50, 1970.25, 1584.12, 481.09, 1839.66, 1665.25, 659.89, 2195.58, 2838.78, 2590.91, 1087.91, 340.92, 2257.14, 2310.45, 1388.57, 1202.82, 1679.55, 1550.17, 358.18, 1278.86, 2422.31, 740.86, 1346.63, 2730.40, 1017.92, 3066.14, 1427.59, 2946.14, 2300.64, 67.62, 454.96, 2428.01, 2466.86, 743.59, 457.18, 3042.23, 107.52, 349.50]
[1953.65, 2632.05, 1769.97, 1362.83, 3776.69, 2792.94, 1495.00, 3281.64, 1089.69, 811.37, 0.00, 1472.92, 2321.99, 1072.39, 2201.30, 684.08, 3568.28, 1078.49, 803.33, 2715.36, 2550.65, 3223.92, 2741.05, 1504.90, 3669.77, 1283.59, 1954.80, 3759.76, 1129.00, 2327.82, 2623.78, 1456.70, 884.96, 3829.87, 2609.49, 960.01, 980.30, 3716.09, 3664.83, 1696.99, 2009.50, 2898.96, 3903.06, 471.31, 779.94, 1389.04, 2710.69, 235.98, 1096.13, 3255.49, 604.75, 27.20, 1924.61, 2854.52, 2791.67, 3827.93, 991.58, 4012.66, 1847.11, 1556.54, 1218.57, 3191.29, 562.91, 2707.33, 2374.15, 510.58, 2610.48, 2466.80, 1378.74, 2960.41, 3648.61, 3401.42, 1778.34, 1021.97, 3059.98, 3072.62, 2199.39, 1152.18, 2415.87, 2357.73, 788.24, 1155.14, 3233.58, 94.64, 1991.53, 3530.49, 456.13, 3877.03, 2187.69, 3740.27, 3084.47, 769.91, 1144.29, 3210.10, 3257.13, 297.48, 734.80, 3850.56, 870.60, 933.64]
[542.65, 1580.83, 1413.48, 444.64, 2701.14, 1504.48, 1272.77, 1928.99, 1009.36, 838.12, 1472.92, 0.00, 896.88, 752.93, 738.45, 987.49, 2186.61, 458.42, 734.99, 1259.37, 1839.91, 1900.93, 1840.43, 636.97, 2287.30, 918.66, 504.73, 2554.08, 490.07, 1397.03, 1258.61, 764.20, 1107.42, 2458.20, 1597.53, 951.76, 703.08, 2539.87, 2461.58, 224.20, 1303.32, 1463.72, 2856.49, 1082.75, 1104.19, 324.72, 1342.26, 1239.65, 393.29, 2177.04, 1144.41, 1498.18, 522.25, 1593.46, 1361.47, 2686.31, 974.92, 2689.23, 1376.54, 639.61, 757.45, 2017.67, 1063.88, 1254.34, 1049.14, 967.65, 1209.83, 1506.37, 1107.51, 2156.52, 2491.08, 2240.60, 1431.02, 1026.64, 1751.32, 2270.37, 1077.31, 1067.70, 969.15, 1149.72, 1181.12, 1182.79, 2052.93, 1380.61, 523.28, 2486.04, 1802.76, 2625.05, 1512.43, 2368.10, 2175.72, 824.62, 383.19, 2300.98, 2297.61, 1520.57, 1290.53, 2557.46, 731.32, 1110.62]
[744.45, 1022.10, 1545.48, 994.98, 1966.85, 695.66, 2031.81, 1044.77, 1864.98, 1572.19, 2321.99, 896.88, 0.00, 1369.17, 234.34, 1884.33, 1291.03, 1355.13, 1527.93, 415.62, 1532.81, 1033.67, 1363.74, 1355.55, 1391.35, 1727.14, 394.62, 1737.63, 1376.97, 1036.39, 395.38, 1506.93, 1734.05, 1563.46, 1075.89, 1571.48, 1592.81, 1743.69, 1650.66, 693.54, 1211.00, 577.04, 2133.55, 1969.30, 1777.20, 1149.52, 468.36, 2086.04, 1286.42, 1483.29, 2041.18, 2348.50, 768.16, 801.62, 470.47, 1906.72, 1572.99, 1806.95, 1442.28, 916.10, 1591.14, 1259.35, 1958.09, 401.38, 313.64, 1835.51, 317.69, 1069.72, 1467.00, 1699.05, 1710.47, 1473.67, 1561.35, 1599.26, 900.99, 1794.89, 662.87, 1910.08, 129.54, 561.71, 1839.51, 2026.03, 1285.33, 2234.07, 536.96, 1790.13, 2589.83, 1778.09, 1348.15, 1473.58, 1626.71, 1587.81, 1177.71, 1733.47, 1689.01, 2312.94, 1959.67, 1690.19, 1482.23, 1714.46]
[1288.50, 1561.12, 863.50, 383.59, 2710.96, 1741.32, 1684.49, 2242.91, 1280.60, 263.37, 1072.39, 752.93, 1369.17, 0.00, 1317.19, 985.09, 2539.24, 736.05, 345.08, 1783.78, 1547.11, 2175.03, 1692.06, 1232.97, 2639.78, 1321.41, 1072.63, 2687.83, 843.10, 1264.00, 1608.08, 1300.76, 374.34, 2792.47, 1541.29, 209.77, 927.29, 2643.70, 2592.95, 921.91, 978.46, 1928.67, 2842.00, 914.28, 408.03, 929.89, 1693.55, 857.03, 642.91, 2186.57, 1095.54, 1099.37, 1270.98, 1795.11, 1819.45, 2756.64, 224.90, 2956.06, 890.71, 498.21, 1157.11, 2119.24, 974.34, 1770.41, 1350.03, 725.00, 1618.60, 1402.08, 459.20, 1941.00, 2576.44, 2329.04, 878.03, 273.79, 2009.17, 2056.43, 1131.72, 1361.90, 1484.02, 1298.57, 472.13, 1450.62, 2161.67, 1003.72, 1217.73, 2467.22, 1243.54, 2808.09, 1177.83, 2704.10, 2040.58, 317.24, 404.11, 2168.25, 2205.24, 979.99, 591.80, 2787.92, 245.33, 366.56]
[511.17, 1234.60, 1626.26, 933.69, 2201.19, 929.75, 1809.05, 1255.63, 1663.88, 1491.52, 2201.30, 738.45, 234.34, 1317.19, 0.00, 1717.50, 1483.50, 1188.28, 1426.01, 521.31, 1710.41, 1254.62, 1569.00, 1135.82, 1581.86, 1515.11, 250.32, 1967.69, 1197.01, 1210.78, 625.83, 1287.36, 1690.52, 1756.94, 1283.29, 1525.74, 1412.36, 1975.97, 1881.64, 518.66, 1331.82, 735.61, 2367.84, 1821.19, 1720.42, 954.13, 693.70, 1965.99, 1131.45, 1715.83, 1874.67, 2227.16, 535.76, 1035.93, 639.84, 2139.95, 1533.51, 2015.10, 1535.29, 917.39, 1386.65, 1493.69, 1799.81, 517.35, 532.35, 1701.93, 533.50, 1261.11, 1487.89, 1905.63, 1943.88, 1707.85, 1643.06, 1567.80, 1128.52, 2005.14, 827.11, 1704.37, 244.90, 762.44, 1788.49, 1819.64, 1519.62, 2110.58, 308.75, 2023.42, 2500.31, 2002.09, 1491.03, 1668.03, 1845.74, 1497.65, 1065.46, 1955.57, 1915.40, 2219.63, 1907.30, 1907.49, 1393.88, 1677.18]
[1371.31, 2436.58, 1842.21, 1083.99, 3591.32, 2464.23, 860.47, 2910.44, 426.82, 774.03, 684.08, 987.49, 1884.33, 985.09, 1717.50, 0.00, 3173.10, 530.00, 642.89, 2238.00, 2519.52, 2875.29, 2626.18, 838.74, 3273.99, 602.61, 1491.75, 3495.70, 530.01, 2180.05, 2238.75, 776.05, 1050.07, 3444.07, 2433.62, 1011.77, 330.85, 3470.19, 3401.46, 1199.52, 1945.67, 2449.25, 3735.71, 220.51, 960.40, 795.77, 2323.78, 534.06, 601.77, 3060.67, 157.20, 699.50, 1339.88, 2544.55, 2348.11, 3604.33, 1054.19, 3667.42, 1875.69, 1334.59, 537.45, 2940.50, 121.49, 2234.79, 2014.33, 332.18, 2196.16, 2311.24, 1428.53, 2900.47, 3413.47, 3161.28, 1855.75, 1111.53, 2720.46, 3016.83, 1949.03, 501.28, 1954.05, 2068.02, 1020.66, 542.17, 2979.18, 597.45, 1457.96, 3359.21, 1130.74, 3583.23, 2152.23, 3353.88, 2975.94, 706.41, 796.73, 3104.48, 3126.52, 898.25, 1051.57, 3527.57, 742.78, 1091.47]
[1957.15, 1266.94, 2349.19, 2206.57, 1237.05, 819.70, 3271.88, 307.66, 3147.31, 2778.11, 3568.28, 2186.61, 1291.03, 2539.24, 1483.50, 3173.10, 0.00, 2645.02, 2764.97, 1004.30, 1845.94, 413.88, 1500.83, 2609.91, 101.59, 2995.66, 1685.63, 807.76, 2667.89, 1564.70, 945.42, 2760.57, 2865.47, 273.44, 1338.43, 2717.05, 2883.78, 889.10, 776.46, 1984.02, 1934.82, 762.51, 1389.50, 3247.35, 2932.73, 2435.33, 858.53, 3334.58, 2572.77, 1082.60, 3329.54, 3595.32, 1987.04, 804.18, 846.09, 1055.54, 2706.16, 564.87, 2219.63, 2041.87, 2870.11, 828.91, 3242.84, 996.97, 1194.89, 3102.18, 976.95, 1469.68, 2470.36, 1698.19, 924.66, 856.74, 2358.79, 2714.15, 568.55, 1721.48, 1451.17, 3187.54, 1238.63, 1262.01, 2980.60, 3302.57, 802.38, 3485.00, 1783.86, 1230.66, 3782.44, 707.16, 1929.44, 185.04, 1485.20, 2807.17, 2436.38, 1504.40, 1390.10, 3517.83, 3097.85, 541.30, 2702.85, 2833.97]
[876.81, 1973.03, 1569.41, 654.17, 3115.97, 1951.19, 966.03, 2385.94, 608.89, 663.13, 1078.49, 458.42, 1355.13, 736.05, 1188.28, 530.00, 2645.02, 0.00, 509.73, 1709.25, 2140.83, 2354.96, 2197.54, 527.97, 2745.73, 596.19, 961.96, 2993.57, 107.42, 1747.40, 1714.77, 570.17, 983.87, 2916.54, 1979.28, 868.77, 260.25, 2973.94, 2900.12, 669.86, 1573.14, 1919.27, 3266.32, 646.60, 937.01, 313.34, 1799.04, 858.15, 106.78, 2587.06, 687.17, 1101.49, 847.21, 2036.00, 1818.14, 3114.69, 906.03, 3145.12, 1569.36, 910.68, 426.71, 2447.00, 613.18, 1705.63, 1497.65, 570.20, 1668.20, 1870.23, 1187.19, 2494.60, 2921.23, 2669.40, 1585.49, 967.79, 2202.88, 2610.67, 1473.34, 681.49, 1424.10, 1572.96, 1015.28, 788.32, 2484.06, 983.89, 937.36, 2891.85, 1461.88, 3072.32, 1786.14, 2826.42, 2543.01, 615.57, 378.99, 2670.73, 2680.31, 1186.93, 1099.12, 3009.99, 569.28, 1007.00]
[1267.47, 1871.17, 1199.55, 560.14, 3027.16, 1993.05, 1390.72, 2478.68, 968.54, 157.89, 803.33, 734.99, 1527.93, 345.08, 1426.01, 642.89, 2764.97, 509.73, 0.00, 1929.68, 1890.75, 2422.62, 2024.20, 1037.64, 2866.44, 1042.07, 1176.01, 2978.49, 612.07, 1587.92, 1820.67, 1071.88, 479.12, 3026.66, 1857.67, 388.90, 633.88, 2940.86, 2883.46, 949.15, 1320.04, 2103.56, 3162.97, 572.92, 427.28, 784.54, 1907.56, 570.63, 451.45, 2499.10, 750.46, 830.39, 1243.29, 2057.94, 1995.45, 3061.66, 430.47, 3213.05, 1233.82, 769.82, 890.27, 2412.13, 629.36, 1920.01, 1570.87, 386.38, 1809.91, 1724.11, 786.80, 2281.55, 2877.11, 2627.02, 1213.25, 491.80, 2259.39, 2397.34, 1413.37, 1051.08, 1628.00, 1562.70, 505.67, 1130.77, 2453.41, 721.44, 1254.80, 2786.83, 1075.61, 3087.47, 1521.70, 2937.02, 2373.85, 106.02, 362.22, 2502.02, 2534.19, 794.11, 593.84, 3054.35, 100.18, 507.38]
[956.01, 1195.76, 1918.96, 1407.21, 1918.14, 704.16, 2269.01, 829.07, 2165.59, 1981.64, 2715.36, 1259.37, 415.62, 1783.78, 521.31, 2238.00, 1004.30, 1709.25, 1929.68, 0.00, 1779.69, 867.88, 1543.96, 1612.83, 1097.47, 2002.83, 761.28, 1608.42, 1715.09, 1309.92, 428.44, 1762.37, 2149.56, 1274.63, 1264.22, 1986.81, 1929.62, 1639.92, 1533.28, 1039.92, 1554.41, 243.31, 2088.21, 2342.06, 2191.71, 1465.79, 427.24, 2479.54, 1652.55, 1501.88, 2395.11, 2741.50, 986.59, 807.52, 192.28, 1814.31, 1988.57, 1559.12, 1807.38, 1330.12, 1886.26, 1235.42, 2321.08, 24.74, 580.54, 2219.84, 304.65, 1304.47, 1873.44, 1862.77, 1626.75, 1420.90, 1933.90, 2014.81, 791.04, 1942.56, 980.20, 2200.27, 302.19, 822.06, 2254.63, 2313.94, 1248.32, 2625.63, 797.12, 1785.51, 2997.89, 1602.34, 1660.50, 1188.72, 1741.85, 1994.30, 1573.43, 1829.21, 1759.54, 2719.42, 2374.75, 1481.02, 1889.09, 2130.08]
[2104.90, 617.45, 806.18, 1486.94, 1350.24, 1169.28, 3089.00, 1566.43, 2747.27, 1796.71, 2550.65, 1839.91, 1532.81, 1547.11, 1710.41, 2519.52, 1845.94, 2140.83, 1890.75, 1779.69, 0.00, 1442.19, 354.32, 2476.85, 1918.30, 2720.59, 1645.52, 1525.59, 2229.65, 499.63, 1356.56, 2600.96, 1667.92, 1994.62, 541.34, 1598.62, 2388.04, 1438.69, 1446.27, 1805.92, 574.21, 1720.17, 1435.68, 2461.33, 1771.42, 2159.49, 1384.43, 2367.19, 2034.18, 930.00, 2639.60, 2575.67, 2112.73, 1114.55, 1652.47, 1477.89, 1563.38, 1987.53, 708.05, 1232.60, 2549.68, 1059.82, 2519.46, 1755.07, 1233.92, 2271.72, 1475.17, 475.28, 1171.96, 414.75, 1353.57, 1171.77, 803.13, 1528.99, 1319.22, 523.24, 883.70, 2821.89, 1640.16, 977.20, 1772.94, 2926.11, 1099.36, 2501.19, 1902.40, 1101.50, 2553.57, 1710.09, 369.36, 1930.89, 590.14, 1858.59, 1767.85, 699.04, 781.69, 2363.20, 1855.00, 1782.19, 1791.93, 1620.02]
[1759.07, 853.99, 1938.24, 1862.62, 1077.97, 433.85, 3063.38, 127.77, 2893.00, 2422.25, 3223.92, 1900.93, 1033.67, 2175.03, 1254.62, 2875.29, 413.88, 2354.96, 2422.62, 867.88, 1442.19, 0.00, 1103.71, 2388.42, 500.94, 2760.43, 1418.08, 740.55, 2390.23, 1151.47, 645.01, 2539.93, 2487.05, 627.29, 926.26, 2343.74, 2604.00, 776.25, 667.04, 1716.07, 1523.88, 641.95, 1246.24, 2930.41, 2559.46, 2177.03, 565.85, 2993.12, 2273.92, 768.48, 3029.63, 3251.10, 1786.03, 397.56, 677.56, 952.44, 2330.02, 793.64, 1808.43, 1677.15, 2621.83, 486.56, 2935.53, 851.50, 862.33, 2775.16, 721.13, 1055.90, 2074.84, 1329.91, 772.11, 602.52, 1947.51, 2333.87, 166.58, 1368.16, 1061.59, 2940.81, 1018.31, 879.53, 2603.25, 3056.94, 475.56, 3143.96, 1563.38, 992.18, 3413.59, 748.64, 1515.57, 543.67, 1133.93, 2456.24, 2111.07, 1175.50, 1072.60, 3154.88, 2718.73, 658.00, 2353.76, 2453.28]
[2015.96, 349.48, 1073.17, 1552.05, 1059.46, 880.03, 3111.93, 1229.97, 2805.59, 1952.85, 2741.05, 1840.43, 1363.74, 1692.06, 1569.00, 2626.18, 1500.83, 2197.54, 2024.20, 1543.96, 354.32, 1103.71, 0.00, 2467.66, 1570.07, 2751.27, 1555.23, 1184.40, 2275.69, 450.16, 1115.66, 2602.68, 1874.93, 1641.88, 288.14, 1781.12, 2454.24, 1103.06, 1101.70, 1764.05, 734.54, 1449.21, 1169.28, 2596.20, 1973.09, 2165.15, 1126.35, 2541.21, 2093.21, 591.65, 2758.19, 2767.10, 2028.88, 808.04, 1395.33, 1160.23, 1750.71, 1634.61, 955.26, 1295.53, 2583.72, 705.58, 2641.89, 1519.27, 1050.82, 2410.54, 1242.70, 334.55, 1381.62, 336.72, 1019.72, 823.57, 1074.50, 1726.26, 992.71, 440.62, 783.33, 2875.22, 1454.04, 806.62, 1986.71, 2984.86, 745.03, 2682.63, 1803.53, 807.65, 2792.18, 1363.58, 590.40, 1579.61, 350.07, 2009.29, 1842.14, 478.56, 516.16, 2580.93, 2080.59, 1429.73, 1929.66, 1829.39]
[658.60, 2191.60, 2012.41, 1039.96, 3279.11, 2034.45, 677.69, 2391.34, 585.92, 1190.01, 1504.90, 636.97, 1355.55, 1232.97, 1135.82, 838.74, 2609.91, 527.97, 1037.64, 1612.83, 2476.85, 2388.42, 2467.66, 0.00, 2706.04, 394.37, 988.72, 3087.71, 429.17, 2028.77, 1749.59, 151.56, 1509.40, 2882.63, 2214.95, 1386.74, 524.74, 3086.57, 2998.66, 716.55, 1937.10, 1849.55, 3439.82, 1035.18, 1464.91, 325.60, 1823.86, 1312.38, 598.36, 2765.23, 970.14, 1523.69, 627.25, 2133.85, 1764.19, 3243.10, 1421.88, 3149.59, 1990.17, 1266.70, 321.76, 2579.82, 957.10, 1616.95, 1588.58, 1031.38, 1667.98, 2133.11, 1661.94, 2788.34, 3046.30, 2800.96, 2029.47, 1482.64, 2255.79, 2901.30, 1692.72, 601.91, 1378.26, 1737.71, 1543.24, 710.29, 2611.24, 1412.59, 828.62, 3076.42, 1928.37, 3133.62, 2147.49, 2794.95, 2796.92, 1143.53, 835.54, 2920.32, 2909.21, 1666.29, 1626.08, 3043.00, 1093.22, 1530.39]
[2052.04, 1348.82, 2439.12, 2307.95, 1236.47, 916.18, 3366.24, 403.10, 3245.74, 2879.16, 3669.77, 2287.30, 1391.35, 2639.78, 1581.86, 3273.99, 101.59, 2745.73, 2866.44, 1097.47, 1918.30, 500.94, 1570.07, 2706.04, 0.00, 3092.67, 1785.87, 796.14, 2768.00, 1651.98, 1047.00, 2856.48, 2964.80, 177.18, 1419.02, 2816.89, 2983.91, 885.58, 776.61, 2084.01, 2024.75, 857.04, 1382.62, 3348.80, 3032.62, 2534.42, 960.13, 3436.10, 2673.83, 1125.65, 3430.49, 3696.81, 2082.14, 895.91, 943.31, 1044.79, 2805.71, 489.04, 2309.35, 2142.23, 2968.23, 884.78, 3344.05, 1091.03, 1296.22, 3203.76, 1077.85, 1553.44, 2566.73, 1753.79, 929.72, 889.13, 2448.43, 2813.22, 660.56, 1771.34, 1548.25, 3285.38, 1337.10, 1359.98, 3080.07, 3400.26, 854.77, 3586.54, 1881.00, 1250.64, 3882.82, 673.03, 2013.76, 95.52, 1535.68, 2908.42, 2537.97, 1547.29, 1430.39, 3618.59, 3197.14, 497.55, 2804.15, 2933.02]
[1051.49, 2499.33, 2165.14, 1237.24, 3615.01, 2391.40, 370.74, 2769.38, 220.52, 1199.31, 1283.59, 918.66, 1727.14, 1321.41, 1515.11, 602.61, 2995.66, 596.19, 1042.07, 2002.83, 2720.59, 2760.43, 2751.27, 394.37, 3092.67, 0.00, 1346.30, 3446.38, 496.45, 2303.68, 2117.33, 256.28, 1516.48, 3268.82, 2514.78, 1427.72, 409.16, 3439.56, 3355.73, 1055.87, 2159.00, 2237.51, 3772.13, 822.60, 1448.06, 600.27, 2194.60, 1132.90, 700.82, 3093.42, 690.92, 1297.34, 1019.83, 2487.10, 2149.58, 3591.40, 1468.01, 3530.00, 2165.25, 1488.30, 171.48, 2924.16, 721.98, 2006.13, 1939.04, 889.00, 2043.03, 2418.70, 1777.98, 3059.88, 3395.11, 3146.69, 2181.13, 1530.09, 2622.43, 3175.04, 1995.68, 212.23, 1759.43, 2064.22, 1520.42, 316.24, 2957.66, 1199.11, 1211.80, 3403.16, 1733.12, 3501.45, 2372.20, 3180.60, 3090.51, 1139.13, 973.93, 3216.58, 3215.65, 1498.04, 1578.98, 3417.33, 1123.97, 1548.12]
[462.18, 1244.43, 1453.48, 689.26, 2293.78, 1046.87, 1665.98, 1436.37, 1475.07, 1241.61, 1954.80, 504.73, 394.62, 1072.63, 250.32, 1491.75, 1685.63, 961.96, 1176.01, 761.28, 1645.52, 1418.08, 1555.23, 988.72, 1785.87, 1346.30, 0.00, 2101.47, 982.35, 1153.45, 773.21, 1138.24, 1446.77, 1958.08, 1280.55, 1281.95, 1198.18, 2098.24, 2011.60, 299.51, 1203.60, 959.31, 2456.20, 1584.12, 1473.48, 759.01, 853.15, 1719.16, 896.91, 1786.33, 1648.80, 1980.84, 473.77, 1145.28, 856.74, 2254.39, 1291.52, 2198.54, 1374.83, 702.64, 1204.08, 1591.94, 1568.35, 754.40, 600.26, 1458.66, 711.11, 1228.95, 1273.77, 1889.41, 2057.58, 1812.61, 1470.82, 1328.25, 1276.69, 1995.85, 776.15, 1522.96, 465.72, 772.14, 1542.62, 1639.14, 1622.85, 1864.70, 257.50, 2097.53, 2250.04, 2155.61, 1383.82, 1868.20, 1860.43, 1247.34, 816.04, 1978.03, 1952.94, 1969.44, 1660.91, 2076.05, 1143.63, 1435.27]
[2478.00, 1145.97, 2233.96, 2432.34, 448.66, 1054.98, 3765.36, 797.60, 3561.64, 2948.48, 3759.76, 2554.08, 1737.63, 2687.83, 1967.69, 3495.70, 807.76, 2993.57, 2978.49, 1608.42, 1525.59, 740.55, 1184.40, 3087.71, 796.14, 3446.38, 2101.47, 0.00, 3042.26, 1473.68, 1342.43, 3238.27, 2947.63, 735.04, 1186.24, 2825.21, 3250.42, 108.91, 95.04, 2391.01, 1848.47, 1380.28, 586.86, 3521.96, 3034.71, 2851.33, 1275.19, 3538.92, 2903.25, 595.59, 3645.08, 3786.82, 2503.32, 961.01, 1417.78, 248.72, 2803.00, 538.47, 2108.41, 2209.04, 3298.72, 568.68, 3541.78, 1591.88, 1508.51, 3352.39, 1439.80, 1339.33, 2480.71, 1222.62, 189.18, 371.25, 2237.88, 2792.87, 840.87, 1194.62, 1565.15, 3615.71, 1741.22, 1428.30, 3064.12, 3731.74, 526.18, 3688.09, 2274.40, 537.93, 3884.21, 203.00, 1754.61, 733.97, 987.13, 2992.99, 2706.00, 941.54, 820.02, 3646.82, 3170.50, 354.07, 2897.27, 2906.99]
[844.62, 2041.42, 1672.34, 743.34, 3177.50, 1994.23, 867.17, 2415.87, 532.30, 767.07, 1129.00, 490.07, 1376.97, 843.10, 1197.01, 530.01, 2667.89, 107.42, 612.07, 1715.09, 2229.65, 2390.23, 2275.69, 429.17, 2768.00, 496.45, 982.35, 3042.26, 0.00, 1826.00, 1746.89, 463.34, 1088.46, 2940.43, 2050.75, 975.56, 215.96, 3026.01, 2949.41, 684.11, 1664.90, 1931.98, 3329.95, 678.16, 1038.84, 268.00, 1829.79, 917.50, 205.76, 2650.15, 685.25, 1150.69, 813.67, 2082.26, 1833.36, 3169.95, 1013.05, 3177.08, 1669.50, 997.30, 325.38, 2501.42, 628.21, 1713.01, 1539.03, 629.47, 1693.03, 1946.09, 1293.01, 2577.36, 2975.47, 2724.23, 1688.56, 1074.87, 2241.29, 2693.13, 1539.24, 599.63, 1437.44, 1629.24, 1116.63, 710.63, 2537.56, 1034.53, 929.09, 2956.77, 1528.73, 3115.01, 1878.10, 2850.55, 2619.23, 717.42, 478.04, 2746.48, 2752.54, 1258.16, 1197.33, 3047.15, 675.08, 1112.51]
[1615.00, 331.31, 792.88, 1102.67, 1448.88, 783.99, 2666.01, 1261.41, 2355.54, 1527.04, 2327.82, 1397.03, 1036.39, 1264.00, 1210.78, 2180.05, 1564.70, 1747.40, 1587.92, 1309.92, 499.63, 1151.47, 450.16, 2028.77, 1651.98, 2303.68, 1153.45, 1473.68, 1826.00, 0.00, 900.88, 2160.90, 1483.59, 1763.80, 288.43, 1373.25, 2004.11, 1413.86, 1381.39, 1335.29, 383.50, 1283.29, 1578.00, 2157.48, 1575.73, 1721.44, 944.31, 2119.74, 1643.05, 930.68, 2314.36, 2354.36, 1624.55, 766.20, 1202.86, 1508.97, 1346.79, 1837.18, 662.80, 846.89, 2135.49, 916.92, 2199.33, 1285.72, 745.25, 1973.97, 1009.01, 139.17, 1007.62, 759.68, 1339.44, 1103.46, 800.76, 1330.28, 998.97, 873.35, 384.36, 2425.41, 1147.44, 490.56, 1598.92, 2534.85, 961.21, 2264.39, 1408.97, 1203.54, 2416.65, 1622.97, 376.03, 1686.73, 797.49, 1580.30, 1392.97, 925.84, 947.79, 2188.68, 1701.68, 1644.45, 1495.77, 1440.96]
[1136.87, 767.32, 1575.45, 1263.86, 1585.05, 314.23, 2426.45, 671.70, 2248.00, 1839.32, 2623.78, 1258.61, 395.38, 1608.08, 625.83, 2238.75, 945.42, 1714.77, 1820.67, 428.44, 1356.56, 645.01, 1115.66, 1749.59, 1047.00, 2117.33, 773.21, 1342.43, 1746.89, 900.88, 0.00, 1900.79, 1949.68, 1211.22, 836.02, 1795.01, 1961.33, 1350.32, 1255.91, 1071.07, 1184.95, 389.62, 1753.41, 2304.65, 2009.13, 1532.06, 86.93, 2389.69, 1637.01, 1122.56, 2394.19, 2650.78, 1161.58, 423.21, 302.15, 1515.33, 1788.21, 1430.62, 1455.17, 1116.22, 1977.20, 879.63, 2303.74, 403.73, 259.42, 2157.19, 130.17, 882.47, 1600.59, 1436.39, 1319.76, 1087.94, 1588.84, 1802.83, 506.20, 1518.81, 615.33, 2296.13, 411.61, 431.37, 2062.31, 2412.29, 902.00, 2539.99, 931.97, 1422.04, 2850.66, 1384.63, 1264.89, 1121.06, 1324.53, 1865.69, 1491.26, 1418.26, 1357.46, 2581.77, 2181.48, 1303.01, 1760.82, 1922.23]
[806.98, 2332.33, 2107.11, 1143.82, 3426.33, 2184.60, 527.77, 2542.85, 465.03, 1228.34, 1456.70, 764.20, 1506.93, 1300.76, 1287.36, 776.05, 2760.57, 570.17, 1071.88, 1762.37, 2600.96, 2539.93, 2602.68, 151.56, 2856.48, 256.28, 1138.24, 3238.27, 463.34, 2160.90, 1900.79, 0.00, 1550.14, 3033.16, 2353.79, 1438.87, 493.28, 3236.44, 3149.03, 861.55, 2053.65, 1999.76, 3586.43, 985.67, 1496.41, 441.52, 1975.27, 1279.62, 657.86, 2910.82, 892.54, 1473.51, 775.99, 2283.52, 1915.04, 3392.35, 1476.19, 3300.93, 2092.12, 1380.41, 238.61, 2728.28, 897.27, 1766.83, 1737.55, 1009.44, 1819.53, 2268.24, 1742.72, 2920.52, 3195.58, 2949.71, 2123.88, 1537.93, 2406.99, 3034.16, 1831.61, 468.27, 1529.70, 1882.21, 1573.15, 571.22, 2760.05, 1366.95, 980.03, 3221.85, 1893.25, 3284.97, 2265.40, 2945.61, 2934.76, 1176.11, 915.63, 3058.89, 3050.18, 1640.82, 1647.49, 3194.56, 1138.17, 1575.22]
[1648.90, 1803.44, 886.24, 757.53, 2924.64, 2054.35, 1856.48, 2563.83, 1424.99, 321.85, 884.96, 1107.42, 1734.05, 374.34, 1690.52, 1050.07, 2865.47, 983.87, 479.12, 2149.56, 1667.92, 2487.05, 1874.93, 1509.40, 2964.80, 1516.48, 1446.77, 2947.63, 1088.46, 1483.59, 1949.68, 1550.14, 0.00, 3111.17, 1771.11, 164.83, 1107.32, 2893.94, 2853.72, 1289.68, 1140.39, 2284.90, 3043.19, 905.10, 106.57, 1235.06, 2033.48, 722.17, 913.15, 2413.62, 1115.09, 909.38, 1629.47, 2097.27, 2175.91, 2992.56, 162.00, 3254.17, 962.51, 834.43, 1368.22, 2381.20, 995.90, 2135.34, 1690.27, 726.92, 1970.41, 1622.24, 497.10, 2079.55, 2821.47, 2580.87, 895.26, 155.08, 2320.47, 2190.74, 1427.29, 1507.47, 1851.66, 1607.92, 117.00, 1576.03, 2424.83, 842.95, 1588.95, 2675.20, 937.11, 3082.27, 1308.26, 3024.24, 2212.87, 377.81, 732.92, 2336.80, 2390.34, 706.69, 232.43, 3077.33, 416.44, 49.04]
[2229.00, 1449.67, 2555.49, 2467.16, 1183.63, 1057.04, 3543.33, 549.65, 3420.74, 3035.11, 3829.87, 2458.20, 1563.46, 2792.47, 1756.94, 3444.07, 273.44, 2916.54, 3026.66, 1274.63, 1994.62, 627.29, 1641.88, 2882.63, 177.18, 3268.82, 1958.08, 735.04, 2940.43, 1763.80, 1211.22, 3033.16, 3111.17, 0.00, 1516.45, 2965.75, 3156.26, 835.38, 736.63, 2256.74, 2142.06, 1034.00, 1317.18, 3515.51, 3181.58, 2708.63, 1124.68, 3596.94, 2843.25, 1151.94, 3600.32, 3856.97, 2259.06, 1024.25, 1119.25, 978.22, 2953.20, 331.81, 2425.38, 2294.31, 3143.54, 940.09, 3512.59, 1268.10, 1455.86, 3368.18, 1248.38, 1657.28, 2702.11, 1796.73, 893.02, 901.68, 2563.98, 2958.57, 793.04, 1803.02, 1687.96, 3460.94, 1512.07, 1503.39, 3227.03, 3575.94, 904.49, 3747.57, 2057.05, 1233.20, 4034.06, 578.31, 2116.87, 90.25, 1570.49, 3066.05, 2702.20, 1567.65, 1447.15, 3772.25, 3343.20, 396.47, 2962.30, 3078.17]
[1738.83, 76.30, 1061.81, 1349.97, 1170.15, 628.07, 2869.94, 1045.67, 2582.95, 1804.66, 2609.49, 1597.53, 1075.89, 1541.29, 1283.29, 2433.62, 1338.43, 1979.28, 1857.67, 1264.22, 541.34, 926.26, 288.14, 2214.95, 1419.02, 2514.78, 1280.55, 1186.24, 2050.75, 288.43, 836.02, 2353.79, 1771.11, 1516.45, 0.00, 1658.13, 2238.71, 1125.46, 1094.45, 1503.82, 663.83, 1184.98, 1305.90, 2423.04, 1862.35, 1921.16, 853.91, 2398.27, 1877.53, 646.02, 2572.30, 2636.17, 1753.01, 575.54, 1123.48, 1222.01, 1632.61, 1565.67, 933.13, 1100.44, 2349.99, 634.83, 2459.65, 1239.49, 762.77, 2242.28, 961.00, 153.39, 1295.95, 623.29, 1051.09, 815.58, 1067.81, 1617.44, 789.96, 722.00, 522.27, 2649.47, 1166.02, 521.11, 1886.69, 2761.36, 679.04, 2544.18, 1524.93, 929.40, 2704.86, 1339.21, 601.93, 1444.21, 583.01, 1855.85, 1639.35, 705.39, 701.87, 2475.48, 1989.95, 1369.02, 1768.00, 1728.80]
[1491.36, 1685.68, 849.46, 592.70, 2820.84, 1910.18, 1779.28, 2417.23, 1357.00, 239.04, 960.01, 951.76, 1571.48, 209.77, 1525.74, 1011.77, 2717.05, 868.77, 388.90, 1986.81, 1598.62, 2343.74, 1781.12, 1386.74, 2816.89, 1427.72, 1281.95, 2825.21, 975.56, 1373.25, 1795.01, 1438.87, 164.83, 2965.75, 1658.13, 0.00, 1021.14, 2775.29, 2730.81, 1128.63, 1049.76, 2125.33, 2944.69, 896.91, 215.82, 1099.47, 1879.47, 768.57, 788.44, 2303.53, 1097.75, 986.00, 1472.76, 1957.24, 2016.21, 2879.80, 42.45, 3116.83, 906.10, 678.80, 1271.75, 2257.15, 975.74, 1972.85, 1535.81, 708.84, 1812.21, 1512.42, 436.58, 2004.78, 2704.82, 2461.15, 861.12, 102.90, 2177.27, 2118.13, 1288.07, 1439.60, 1688.29, 1464.28, 268.79, 1517.26, 2300.38, 904.46, 1426.33, 2573.34, 1070.63, 2954.25, 1232.23, 2878.23, 2124.57, 306.20, 584.62, 2250.39, 2297.25, 821.91, 388.95, 2943.28, 304.14, 159.11]
[1043.19, 2233.04, 1783.86, 905.40, 3376.13, 2205.06, 759.68, 2630.90, 360.88, 790.68, 980.30, 703.08, 1592.81, 927.29, 1412.36, 330.85, 2883.78, 260.25, 633.88, 1929.62, 2388.04, 2604.00, 2454.24, 524.74, 2983.91, 409.16, 1198.18, 3250.42, 215.96, 2004.11, 1961.33, 493.28, 1107.32, 3156.26, 2238.71, 1021.14, 0.00, 3232.08, 3157.21, 900.07, 1817.11, 2147.58, 3526.56, 511.75, 1039.76, 470.94, 2044.55, 790.32, 361.47, 2847.29, 480.42, 999.36, 1011.51, 2291.57, 2049.19, 3373.79, 1061.92, 3391.79, 1794.60, 1162.98, 271.15, 2705.81, 441.58, 1927.86, 1750.39, 516.21, 1908.67, 2128.22, 1386.39, 2747.94, 3180.04, 2928.35, 1799.23, 1123.83, 2454.03, 2864.19, 1733.58, 439.16, 1653.20, 1832.08, 1112.90, 538.52, 2742.60, 887.86, 1140.55, 3152.09, 1405.98, 3326.22, 2029.34, 3066.36, 2800.57, 730.04, 620.19, 2928.48, 2939.38, 1148.93, 1175.55, 3260.45, 718.49, 1139.14]
[2487.11, 1090.56, 2162.30, 2399.90, 351.14, 1052.49, 3764.11, 847.31, 3548.94, 2905.53, 3716.09, 2539.87, 1743.69, 2643.70, 1975.97, 3470.19, 889.10, 2973.94, 2940.86, 1639.92, 1438.69, 776.25, 1103.06, 3086.57, 885.58, 3439.56, 2098.24, 108.91, 3026.01, 1413.86, 1350.32, 3236.44, 2893.94, 835.38, 1125.46, 2775.29, 3232.08, 0.00, 115.00, 2383.72, 1783.61, 1418.11, 500.59, 3489.85, 2982.96, 2842.13, 1287.86, 3497.63, 2881.60, 511.43, 3618.04, 3743.06, 2511.54, 953.09, 1448.02, 176.98, 2751.84, 647.38, 2038.17, 2171.07, 3289.17, 530.31, 3512.87, 1622.23, 1500.68, 3317.74, 1454.10, 1277.42, 2421.38, 1123.93, 86.37, 314.67, 2165.57, 2739.60, 858.24, 1091.93, 1529.54, 3604.88, 1755.31, 1402.72, 3010.03, 3720.67, 491.01, 3646.11, 2280.45, 429.46, 3829.28, 310.91, 1680.76, 828.75, 889.20, 2951.75, 2677.31, 838.24, 717.59, 3595.85, 3114.66, 461.11, 2857.64, 2852.43]
[2392.41, 1052.91, 2145.18, 2337.45, 460.90, 964.75, 3676.35, 734.09, 3469.57, 2853.53, 3664.83, 2461.58, 1650.66, 2592.95, 1881.64, 3401.46, 776.46, 2900.12, 2883.46, 1533.28, 1446.27, 667.04, 1101.70, 2998.66, 776.61, 3355.73, 2011.60, 95.04, 2949.41, 1381.39, 1255.91, 3149.03, 2853.72, 736.63, 1094.45, 2730.81, 3157.21, 115.00, 0.00, 2300.09, 1757.40, 1308.86, 614.47, 3427.13, 2940.52, 2760.01, 1190.50, 3443.91, 2809.48, 517.76, 3550.67, 3691.89, 2417.40, 869.25, 1341.81, 290.72, 2708.75, 580.49, 2019.11, 2114.00, 3207.36, 473.94, 3447.19, 1516.08, 1417.18, 3257.43, 1355.92, 1247.70, 2387.95, 1156.56, 156.39, 281.77, 2149.37, 2698.91, 757.65, 1135.47, 1470.12, 3524.08, 1657.42, 1333.83, 2970.27, 3640.06, 431.28, 3593.10, 2187.61, 503.04, 3790.44, 265.20, 1667.06, 723.89, 920.80, 2897.99, 2611.39, 884.65, 762.06, 3552.49, 3076.94, 381.61, 2802.24, 2813.23]
[379.03, 1477.54, 1477.60, 564.68, 2565.45, 1336.25, 1387.63, 1735.82, 1177.11, 1040.86, 1696.99, 224.20, 693.54, 921.91, 518.66, 1199.52, 1984.02, 669.86, 949.15, 1039.92, 1805.92, 1716.07, 1764.05, 716.55, 2084.01, 1055.87, 299.51, 2391.01, 684.11, 1335.29, 1071.07, 861.55, 1289.68, 2256.74, 1503.82, 1128.63, 900.07, 2383.72, 2300.09, 0.00, 1304.55, 1250.12, 2725.06, 1304.16, 1297.35, 461.73, 1151.92, 1463.48, 614.24, 2049.29, 1356.72, 1722.29, 368.67, 1431.27, 1150.13, 2536.28, 1146.81, 2497.93, 1422.07, 687.53, 908.62, 1869.97, 1281.17, 1035.92, 883.18, 1191.79, 1010.51, 1430.45, 1219.94, 2090.87, 2339.81, 2092.13, 1495.32, 1193.37, 1572.43, 2201.77, 982.93, 1226.88, 754.94, 1021.18, 1372.14, 1343.09, 1902.81, 1604.76, 306.20, 2360.36, 2021.70, 2450.66, 1504.36, 2166.94, 2086.76, 1033.72, 589.45, 2208.77, 2194.41, 1739.49, 1485.42, 2374.05, 935.98, 1287.37]
[1641.04, 713.74, 414.40, 921.83, 1787.54, 1132.76, 2528.96, 1628.76, 2177.18, 1233.36, 2009.50, 1303.32, 1211.00, 978.46, 1331.82, 1945.67, 1934.82, 1573.14, 1320.04, 1554.41, 574.21, 1523.88, 734.54, 1937.10, 2024.75, 2159.00, 1203.60, 1848.47, 1664.90, 383.50, 1184.95, 2053.65, 1140.39, 2142.06, 663.83, 1049.76, 1817.11, 1783.61, 1757.40, 1304.55, 0.00, 1574.51, 1903.11, 1892.16, 1238.76, 1614.35, 1244.72, 1814.70, 1466.36, 1287.00, 2067.19, 2035.34, 1643.13, 1131.08, 1481.77, 1867.60, 1018.06, 2220.68, 284.89, 673.75, 1987.60, 1297.78, 1947.57, 1531.80, 974.34, 1703.33, 1271.88, 510.47, 648.40, 962.65, 1706.34, 1477.28, 424.06, 992.02, 1366.46, 1077.98, 575.64, 2252.81, 1336.41, 753.73, 1252.42, 2355.57, 1342.06, 1953.63, 1457.40, 1536.98, 2061.39, 2002.96, 213.21, 2063.38, 1075.04, 1293.19, 1197.44, 1200.63, 1250.19, 1846.54, 1347.94, 2027.71, 1222.03, 1094.95]
[1195.01, 1111.33, 1962.78, 1563.03, 1710.29, 572.15, 2509.46, 591.34, 2395.28, 2142.41, 2898.96, 1463.72, 577.04, 1928.67, 735.61, 2449.25, 762.51, 1919.27, 2103.56, 243.31, 1720.17, 641.95, 1449.21, 1849.55, 857.04, 2237.51, 959.31, 1380.28, 1931.98, 1283.29, 389.62, 1999.76, 2284.90, 1034.00, 1184.98, 2125.33, 2147.58, 1418.11, 1308.86, 1250.12, 1574.51, 0.00, 1879.93, 2542.64, 2335.59, 1689.16, 339.25, 2663.03, 1856.22, 1326.34, 2606.43, 2925.49, 1225.10, 661.04, 109.22, 1594.05, 2122.92, 1315.83, 1843.58, 1452.65, 2116.66, 1049.24, 2527.57, 234.55, 623.40, 2411.82, 320.26, 1252.12, 1967.38, 1750.68, 1410.93, 1218.66, 1976.43, 2143.46, 589.63, 1820.14, 1003.31, 2432.45, 495.21, 820.99, 2394.11, 2546.79, 1056.36, 2811.11, 1027.13, 1595.13, 3160.21, 1364.80, 1651.51, 947.30, 1606.30, 2160.81, 1754.72, 1682.19, 1601.80, 2885.07, 2514.22, 1239.57, 2055.13, 2261.35]
[2875.23, 1299.14, 2229.64, 2651.87, 170.07, 1440.79, 4112.58, 1331.99, 3860.84, 3105.02, 3903.06, 2856.49, 2133.55, 2842.00, 2367.84, 3735.71, 1389.50, 3266.32, 3162.97, 2088.21, 1435.68, 1246.24, 1169.28, 3439.82, 1382.62, 3772.13, 2456.20, 586.86, 3329.95, 1578.00, 1753.41, 3586.43, 3043.19, 1317.18, 1305.90, 2944.69, 3526.56, 500.59, 614.47, 2725.06, 1903.11, 1879.93, 0.00, 3728.94, 3140.33, 3171.94, 1703.56, 3697.42, 3167.68, 679.85, 3876.37, 3929.40, 2896.99, 1332.99, 1896.34, 339.33, 2915.72, 1075.44, 2117.85, 2405.36, 3613.78, 874.64, 3764.64, 2068.54, 1858.12, 3547.98, 1869.64, 1440.11, 2550.83, 1040.23, 478.26, 669.01, 2228.92, 2893.44, 1297.23, 961.09, 1793.14, 3922.82, 2165.00, 1707.90, 3155.53, 4037.01, 851.53, 3841.41, 2662.41, 376.72, 3961.07, 746.58, 1753.09, 1320.46, 847.38, 3158.15, 2939.48, 738.07, 659.06, 3749.60, 3249.87, 924.56, 3072.35, 2998.00]
[1519.57, 2432.89, 1744.62, 1090.00, 3590.22, 2509.59, 1073.53, 2974.40, 644.90, 671.26, 471.31, 1082.75, 1969.30, 914.28, 1821.19, 220.51, 3247.35, 646.60, 572.92, 2342.06, 2461.33, 2930.41, 2596.20, 1035.18, 3348.80, 822.60, 1584.12, 3521.96, 678.16, 2157.48, 2304.65, 985.67, 905.10, 3515.51, 2423.04, 896.91, 511.75, 3489.85, 3427.13, 1304.16, 1892.16, 2542.64, 3728.94, 0.00, 806.76, 944.90, 2390.96, 314.84, 689.95, 3060.60, 213.49, 489.04, 1489.19, 2583.30, 2438.46, 3616.58, 938.21, 3724.05, 1791.82, 1325.46, 747.88, 2959.66, 109.38, 2336.78, 2068.51, 190.34, 2273.61, 2292.60, 1329.57, 2854.17, 3429.10, 3177.66, 1756.83, 990.25, 2771.37, 2969.85, 1960.63, 716.59, 2049.83, 2095.55, 857.48, 745.50, 2999.83, 381.37, 1582.57, 3352.36, 912.01, 3620.56, 2092.00, 3425.28, 2946.04, 606.11, 820.56, 3074.30, 3104.79, 678.03, 871.18, 3575.48, 670.14, 950.32]
[1646.80, 1892.52, 992.46, 787.90, 3019.94, 2125.94, 1780.62, 2633.04, 1345.96, 278.87, 779.94, 1104.19, 1777.20, 408.03, 1720.42, 960.40, 2932.73, 937.01, 427.28, 2191.71, 1771.42, 2559.46, 1973.09, 1464.91, 3032.62, 1448.06, 1473.48, 3034.71, 1038.84, 1575.73, 2009.13, 1496.41, 106.57, 3181.58, 1862.35, 215.82, 1039.76, 2982.96, 2940.52, 1297.35, 1238.76, 2335.59, 3140.33, 806.76, 0.00, 1204.29, 2093.86, 615.78, 875.11, 2506.36, 1018.27, 804.62, 1625.73, 2172.50, 2226.39, 3084.33, 232.14, 3331.67, 1067.17, 893.29, 1305.21, 2467.27, 900.45, 2178.42, 1750.12, 632.92, 2024.01, 1714.71, 599.62, 2182.30, 2911.43, 2669.28, 1001.60, 246.89, 2392.97, 2293.92, 1503.03, 1428.06, 1891.69, 1679.96, 79.31, 1492.27, 2510.69, 736.61, 1600.59, 2771.12, 855.64, 3166.16, 1410.28, 3094.05, 2312.70, 321.50, 722.72, 2437.15, 2488.94, 613.16, 188.43, 3157.25, 384.10, 155.59]
