100
[0, 2793.172032, 2096.962565, 1655.275506, 2250.918035, 2118.340152, 1514.527319, 685.123347, 2586.126254, 2735.581291, 589.896601, 2971.077246, 365.262919, 2002.76434, 1022.782479, 1432.644059, 635.649274, 2103.71576, 2630.069581, 2439.551803, 2938.500468, 1326.701926, 854.279814, 406.975429, 2415.122564, 2869.240492, 350.406906, 3096.38515, 1783.054963, 2740.500867, 1831.607491, 560.508698, 2057.087747, 360.005556, 2459.639201, 1681.049672, 2535.001775, 521.070053, 1182.688886, 2093.771716, 659.757531, 1005.337754, 1499.881662, 1796.080455, 2035.266076, 874.982286, 2858.447306, 2949.661845, 979.681581, 93.348808, 2608.809882, 662.700536, 2078.845834, 1301.393484, 2691.002044, 3156.412679, 1882.639105, 1578.646572, 1948.045431, 1979.203122, 1258.342163, 2361.19059, 1298.258834, 1708.926271, 1797.811169, 607.645456, 1661.376839, 2010.535501, 1059.745252, 974.483453, 1456.782757, 1791.1005, 1040.535439, 1260.057142, 1695.991156, 1452.149097, 1459.535885, 1761.213502, 438.001142, 1525.01541, 371.51716, 2311.228678, 2109.902367, 709.930983, 1917.97732, 1655.450392, 2872.216043, 403.317493, 779.637095, 653.694118, 1296.856584, 2777.777889, 1723.094019, 509.345659, 3179.242992, 1638.841054, 778.807422, 970.786279, 1877.164084, 2718.803045]
[2793.172032, 0, 992.504912, 1157.307651, 725.403336, 1114.03456, 3132.021871, 2870.723951, 955.590393, 1100.638451, 3275.013893, 1787.501608, 2456.245305, 2058.966003, 1921.131437, 1673.668127, 3405.507304, 1322.882459, 195.274166, 1196.735978, 1395.186367, 3844.074921, 3234.61837, 2397.80754, 1224.224244, 836.909195, 2459.281399, 1721.738947, 3936.838452, 206.526027, 2444.402586, 3337.747744, 2143.406634, 2818.255134, 402.851089, 3583.40648, 260.230667, 2910.06323, 1641.220582, 1096.449725, 2150.592941, 3446.95953, 1371.872079, 1012.474691, 2301.691986, 2682.325111, 1560.451537, 202.299283, 3745.602488, 2861.610735, 188.098379, 2785.061938, 780.56518, 1629.96227, 773.052391, 1397.005727, 2662.645301, 3860.389229, 1223.202763, 821.112051, 2926.305691, 436.285457, 1718.211279, 1345.495076, 2064.311265, 2892.245667, 3475.204311, 2078.937469, 2158.121869, 3695.247218, 1344.456024, 2764.9783, 1766.90011, 3087.831925, 3469.764834, 2534.154889, 1479.639483, 2365.012685, 2381.634943, 2425.981451, 2770.87802, 1593.105144, 1065.225798, 2151.632868, 1364.658565, 1834.865118, 826.658938, 2390.047071, 3471.419882, 3408.602353, 1626.075337, 387.865956, 1070.078969, 3301.70032, 1305.712066, 1784.838928, 3564.875454, 3750.814845, 2415.041408, 101.98039]
[2096.962565, 992.504912, 0, 571.686103, 267.738679, 155.540991, 2156.375895, 2003.547354, 505.969367, 688.04433, 2479.992339, 1205.842444, 1823.190884, 1085.259877, 1096.864622, 748.182464, 2647.731482, 370.793743, 798.314474, 479.129419, 971.518914, 2960.089526, 2359.576657, 1691.288562, 478.235298, 772.295928, 1746.560334, 1243.296023, 2982.653349, 1083.251125, 1453.611365, 2657.250082, 1175.238699, 2024.430784, 930.421947, 2613.920427, 780.385802, 2080.079325, 933.312916, 120.813906, 1441.372957, 2567.608226, 609.584285, 513.471518, 1326.857943, 1777.101573, 1000.250469, 1052.416743, 2970.013468, 2144.742875, 879.793726, 1921.349526, 339.699868, 800.350548, 594.831068, 1141.133209, 1671.804414, 2927.356657, 232.045254, 516.256719, 1968.376234, 653.701002, 838.689454, 412.146819, 1073.437935, 2042.129526, 2501.730001, 1105.910033, 1250.091197, 2890.946212, 746.750293, 1772.474259, 1083.070635, 2135.802425, 2493.297014, 1552.103412, 638.97809, 1372.863067, 1757.421122, 1438.923209, 1974.848095, 720.118046, 95.35198, 1391.486256, 372.361384, 845.245526, 775.265761, 1719.104709, 2665.168287, 2639.219582, 803.196738, 775.578494, 668.644151, 2580.638099, 1131.824191, 797.819528, 2870.167417, 2990.409002, 1426.248576, 980.152029]
[1655.275506, 1157.307651, 571.686103, 0, 622.791297, 682.068911, 2091.344544, 1723.130001, 1064.917837, 1255.85031, 2118.413793, 1754.451766, 1339.589489, 1343.857879, 775.652628, 642.652317, 2254.5769, 822.868762, 982.426079, 1042.353107, 1543.004861, 2696.23163, 2086.882124, 1252.390514, 1035.854237, 1287.612519, 1312.877755, 1807.09712, 2840.372511, 1144.162576, 1589.415301, 2210.192978, 1440.583562, 1661.103549, 886.053046, 2518.087568, 897.149374, 1754.116587, 484.384145, 642.293547, 1001.19978, 2299.421014, 251.829307, 144.83784, 1557.728153, 1556.754637, 1560.354447, 1299.779212, 2592.362822, 1717.817511, 981.510061, 1637.12217, 427.832911, 507.006903, 1104.630708, 1709.868416, 1793.093695, 2741.022072, 585.328967, 337.440365, 1852.82487, 721.068651, 623.349822, 453.442389, 1243.778115, 1739.740785, 2421.075794, 1364.313747, 1052.545961, 2538.504481, 202.338825, 1848.26405, 616.29295, 2001.093951, 2423.684179, 1538.083223, 394.167477, 1492.885796, 1267.909303, 1461.001369, 1613.623252, 1182.83769, 637.931815, 994.670297, 686.91193, 953.732143, 1287.680861, 1256.230871, 2314.367516, 2255.492186, 499.299509, 1125.947157, 178.101095, 2159.652287, 1693.629534, 893.56645, 2433.293242, 2600.500144, 1582.731816, 1095.29585]
[2250.918035, 725.403336, 267.738679, 622.791297, 0, 401.92661, 2414.697704, 2218.61263, 504.457134, 707.04526, 2671.203848, 1328.700117, 1951.765611, 1348.248123, 1286.223931, 978.358319, 2826.885565, 619.887086, 530.835191, 612.007353, 1025.154135, 3184.333211, 2579.000194, 1844.152109, 625.719586, 671.417158, 1902.427134, 1331.482257, 3232.783476, 818.073958, 1721.316357, 2810.351224, 1436.605026, 2212.478248, 686.134826, 2869.893378, 515.2184, 2281.701558, 1068.64634, 377.973544, 1591.188235, 2789.243625, 753.276178, 509.223919, 1590.553363, 2005.851939, 1106.329517, 795.616113, 3156.678001, 2306.348196, 614.065957, 2134.689673, 217.862342, 985.245655, 490.407993, 1148.522965, 1939.520044, 3169.412722, 497.800161, 411.418279, 2218.957638, 403.714008, 1047.940838, 640.519321, 1341.131239, 2250.992004, 2759.30879, 1368.716552, 1477.079551, 3087.118074, 823.077153, 2039.785528, 1213.969522, 2384.196301, 2752.152975, 1813.016547, 823.786987, 1640.538022, 1881.861047, 1702.370113, 2163.33377, 940.469032, 347.332694, 1559.941666, 640.069527, 1110.0, 670.400626, 1859.517411, 2861.146973, 2822.314653, 985.032487, 543.398565, 648.734923, 2746.897341, 1111.831822, 1060.867569, 3029.270704, 3172.025536, 1693.662599, 712.765038]
[2118.340152, 1114.03456, 155.540991, 682.068911, 401.92661, 0, 2069.033591, 1973.685132, 469.591312, 622.596177, 2469.968623, 1074.339332, 1864.064913, 947.776345, 1101.641049, 719.813865, 2647.082356, 219.14607, 922.872147, 363.76091, 875.416472, 2917.008228, 2323.495858, 1716.638576, 354.457332, 771.00454, 1769.203776, 1125.821478, 2907.412939, 1219.118534, 1332.630857, 2676.418689, 1035.193219, 2019.501176, 1079.82406, 2529.880827, 916.600786, 2062.765377, 983.76115, 40.804412, 1471.738088, 2528.43766, 668.430999, 645.826602, 1190.413794, 1733.886098, 878.419034, 1154.33444, 2962.093348, 2160.183557, 1014.93251, 1893.733086, 495.181785, 817.636839, 608.362556, 1064.886848, 1550.677594, 2863.483892, 172.985549, 668.047902, 1895.190228, 800.296195, 831.3056, 409.414216, 953.420159, 2018.191269, 2414.983644, 968.09607, 1214.049834, 2875.116867, 837.635362, 1659.058167, 1132.586862, 2065.316683, 2404.09172, 1461.471177, 664.115954, 1256.417924, 1801.550443, 1342.338631, 1969.869539, 564.737992, 60.207973, 1408.584041, 270.085172, 749.632577, 776.170084, 1752.96834, 2650.262817, 2635.387827, 823.029769, 858.653015, 799.496091, 2590.373718, 1070.544254, 708.796868, 2884.173712, 2986.592205, 1301.701195, 1110.521049]
[1514.527319, 3132.021871, 2156.375895, 2091.344544, 2414.697704, 2069.033591, 0, 829.82468, 2461.04043, 2508.384739, 1255.079679, 2364.901901, 1671.119984, 1305.117619, 1382.927692, 1472.17662, 1479.882766, 1908.581934, 2937.101462, 2205.272319, 2546.095442, 1138.279843, 833.072026, 1465.634334, 2170.202756, 2777.743689, 1442.307179, 2538.499163, 863.195227, 3181.611227, 878.786095, 1761.370205, 1281.62436, 1154.88744, 2955.317919, 463.185708, 2892.436516, 1004.840783, 1718.383543, 2072.935358, 1505.231211, 901.048833, 1839.788031, 2215.815877, 1146.832595, 701.38791, 2372.121413, 3208.394614, 1595.692013, 1454.279547, 2990.264871, 857.394308, 2363.099871, 1589.070798, 2648.751593, 2781.939611, 740.519412, 892.103133, 1925.712336, 2394.417675, 280.845153, 2730.77608, 1468.003065, 1787.702436, 1175.960033, 911.071896, 345.950864, 1295.472887, 1055.928501, 1432.438829, 1986.435249, 577.665993, 1690.493715, 265.346943, 337.746947, 608.047695, 1702.166267, 899.934442, 1691.76003, 733.510054, 1145.126194, 1857.600872, 2102.884923, 1387.142747, 1799.315981, 1319.573037, 2786.106243, 1565.268667, 1293.564455, 1430.647755, 1598.662566, 2925.90721, 2254.547848, 1584.409038, 2857.436788, 1361.25714, 1827.033114, 1665.978691, 936.009615, 3100.926474]
[685.123347, 2870.723951, 2003.547354, 1723.130001, 2218.61263, 1973.685132, 829.82468, 0, 2433.087134, 2542.623252, 564.13119, 2622.977316, 883.355534, 1563.955562, 949.868412, 1257.192507, 788.684981, 1889.21624, 2686.178698, 2229.014356, 2680.318078, 973.611832, 364.005494, 712.899011, 2198.398735, 2743.625521, 672.232847, 2772.682636, 1216.546341, 2867.244845, 1284.554397, 994.038229, 1593.210595, 325.186101, 2604.419513, 1030.092229, 2612.586458, 185.224188, 1254.89641, 1961.04309, 847.316942, 576.522333, 1498.877246, 1866.262843, 1528.474403, 285.776136, 2556.705888, 2992.928499, 1037.05834, 625.139984, 2701.208063, 86.034877, 2097.038388, 1242.861617, 2581.186161, 2913.466835, 1283.202244, 1061.23937, 1803.110923, 2059.291383, 582.127993, 2437.648252, 1170.809122, 1591.546732, 1367.273564, 88.119237, 993.27992, 1565.678447, 760.106571, 921.140597, 1559.008018, 1166.057031, 1163.615057, 575.543222, 1024.041015, 880.361857, 1399.261591, 1236.723494, 919.991848, 987.30036, 319.269479, 1996.13226, 1985.012343, 775.486944, 1723.776378, 1328.575929, 2749.20152, 802.185141, 705.762, 754.926486, 1245.831851, 2761.786378, 1848.86695, 831.471587, 2960.179049, 1336.617372, 1116.5487, 1081.386147, 1338.489074, 2815.363564]
[2586.126254, 955.590393, 505.969367, 1064.917837, 504.457134, 469.591312, 2461.04043, 2433.087134, 0, 202.588252, 2937.152533, 861.148652, 2323.843799, 1225.980424, 1571.137486, 1185.974705, 3116.130453, 559.053665, 804.515382, 275.045451, 523.05449, 3364.369926, 2777.933225, 2183.059321, 309.535135, 318.276609, 2236.454784, 838.600024, 3314.881898, 1123.345895, 1655.889187, 3144.885531, 1294.100846, 2488.14248, 1096.029197, 2924.223829, 859.267711, 2527.968552, 1436.22909, 492.378919, 1936.118023, 2980.013591, 1113.676793, 980.612054, 1458.692908, 2185.091531, 632.0, 912.48452, 3429.571548, 2629.127802, 937.180879, 2354.59487, 715.721314, 1284.741997, 208.798946, 650.30762, 1866.820023, 3287.933089, 642.246059, 913.448411, 2312.297991, 830.764708, 1300.747862, 878.002278, 1296.232232, 2480.629759, 2805.080035, 1243.209556, 1673.136277, 3340.021707, 1249.19374, 1996.519471, 1586.024275, 2484.89698, 2789.480418, 1855.642746, 1128.107264, 1596.231186, 2259.353005, 1727.543053, 2438.532756, 686.534049, 476.870003, 1876.817786, 709.677391, 1157.006914, 325.950917, 2216.189974, 3115.710673, 3103.930573, 1289.484393, 592.645763, 1131.244448, 3059.918953, 628.783747, 1128.083773, 3353.44748, 3455.014472, 1614.026642, 995.321556]
[2735.581291, 1100.638451, 688.04433, 1255.85031, 707.04526, 622.596177, 2508.384739, 2542.623252, 202.588252, 0, 3061.105846, 688.366908, 2486.592045, 1233.094481, 1714.430809, 1315.5782, 3247.328902, 653.652048, 967.973657, 314.636298, 323.542887, 3455.045731, 2879.137544, 2336.214459, 347.070598, 322.518217, 2387.676695, 645.804924, 3368.86984, 1281.700433, 1672.530119, 3291.626498, 1289.321139, 2618.30575, 1279.694495, 2970.232482, 1035.007729, 2647.764529, 1605.058254, 652.571069, 2093.104154, 3076.871951, 1286.104972, 1177.713887, 1452.697147, 2284.858201, 460.089122, 1027.42883, 3553.657975, 2774.226559, 1105.684403, 2466.757588, 917.708559, 1437.812227, 328.105166, 454.041848, 1875.666548, 3356.005066, 788.742036, 1115.69261, 2379.285607, 1022.234807, 1440.197556, 1029.21815, 1332.888592, 2595.041811, 2848.766751, 1248.128199, 1786.455989, 3457.345947, 1434.793713, 2015.009677, 1754.301285, 2552.671738, 2830.015018, 1910.607233, 1286.396517, 1623.099504, 2424.139022, 1778.545754, 2568.910275, 670.078354, 643.186598, 2025.769237, 827.613436, 1235.025911, 333.901183, 2374.721036, 3234.701377, 3232.51744, 1443.807466, 718.794129, 1329.661611, 3199.612789, 448.126098, 1214.687203, 3495.870135, 3582.593055, 1625.853622, 1152.113276]
[589.896601, 3275.013893, 2479.992339, 2118.413793, 2671.203848, 2469.968623, 1255.079679, 564.13119, 2937.152533, 3061.105846, 0, 3179.494614, 944.826439, 2127.119414, 1386.172428, 1751.179317, 231.490821, 2408.761092, 3100.354818, 2750.691004, 3218.508506, 744.013441, 429.12003, 902.202305, 2721.735659, 3239.929783, 840.931032, 3325.599645, 1269.716898, 3244.155514, 1842.829346, 519.172418, 2157.321487, 459.184059, 2968.765568, 1267.464398, 3014.790872, 417.61226, 1634.055385, 2452.628386, 1132.707376, 482.197055, 1923.81522, 2263.074237, 2091.040411, 849.847045, 3104.523313, 3416.006587, 492.643888, 496.954726, 3096.137755, 619.427155, 2524.097066, 1686.896855, 3070.219862, 3448.749484, 1824.347555, 1043.519525, 2297.118412, 2453.903217, 1071.237135, 2838.797809, 1642.564458, 2070.933364, 1929.076722, 488.668599, 1285.292574, 2129.184116, 1278.690737, 420.304651, 1931.841091, 1694.205714, 1510.497931, 992.367875, 1328.415598, 1438.046244, 1849.287701, 1798.770969, 1012.371967, 1549.465069, 508.024606, 2543.752346, 2473.873481, 1123.797135, 2234.402157, 1872.073182, 3244.560525, 943.886116, 199.859951, 191.671594, 1686.498444, 3212.050435, 2214.786897, 339.848496, 3489.011321, 1873.98666, 576.09461, 525.090468, 1897.890671, 3208.903239]
[2971.077246, 1787.501608, 1205.842444, 1754.451766, 1328.700117, 1074.339332, 2364.901901, 2622.977316, 861.148652, 688.366908, 3179.494614, 0, 2790.079031, 1083.413587, 1974.071934, 1563.566756, 3390.334792, 952.49147, 1655.739714, 729.965068, 410.098769, 3433.312395, 2914.379865, 2602.184659, 727.714917, 970.808426, 2643.189929, 181.033146, 3217.238723, 1970.067258, 1486.486461, 3500.219707, 1087.589077, 2776.733333, 1957.147158, 2803.141809, 1718.588374, 2763.606701, 1977.049569, 1114.854251, 2386.422427, 3089.044512, 1697.222731, 1717.507787, 1218.628738, 2341.094189, 229.558271, 1701.686516, 3660.035519, 2989.563513, 1792.468968, 2560.613989, 1513.439791, 1758.443914, 1016.318848, 550.175427, 1643.007608, 3254.308682, 1181.453765, 1708.249689, 2311.29163, 1689.175243, 1709.306292, 1391.694291, 1263.33883, 2691.955609, 2678.078602, 1087.805589, 1926.958225, 3538.563833, 1895.068336, 1803.400399, 2114.835691, 2478.681101, 2649.258387, 1832.381238, 1641.726226, 1477.621399, 2739.237303, 1698.739533, 2730.133513, 662.089118, 1123.86654, 2288.416483, 1129.56319, 1321.260005, 982.255059, 2662.930153, 3328.232264, 3365.086626, 1768.739947, 1402.615414, 1872.190428, 3379.70191, 665.34352, 1332.956113, 3680.979353, 3702.722512, 1428.92582, 1840.472222]
[365.262919, 2456.245305, 1823.190884, 1339.589489, 1951.765611, 1864.064913, 1671.119984, 883.355534, 2323.843799, 2486.592045, 944.826439, 2790.079031, 0, 1900.293135, 816.870247, 1226.850439, 1000.348439, 1879.849196, 2299.700198, 2204.223219, 2714.229909, 1666.902817, 1142.46094, 228.740027, 2183.097341, 2591.853777, 232.008621, 2900.775758, 2069.699495, 2393.768577, 1809.491918, 882.005102, 1967.948424, 599.654067, 2111.513675, 1913.4171, 2200.394737, 767.870432, 890.599798, 1835.423929, 403.832886, 1319.430559, 1214.634925, 1475.553455, 1975.408059, 976.619168, 2656.092242, 2619.562177, 1343.720581, 453.030904, 2270.11057, 829.02895, 1767.224094, 1053.658389, 2410.586858, 2921.994182, 1901.095737, 1882.360752, 1699.649964, 1651.770565, 1395.399584, 2028.802603, 1082.20377, 1459.290924, 1700.307031, 828.696567, 1873.965848, 1911.431924, 964.641384, 1338.91934, 1137.673503, 1837.764947, 741.456, 1439.450242, 1902.520696, 1470.918081, 1200.328288, 1726.281553, 75.325958, 1513.844444, 580.482558, 2128.606352, 1847.938581, 509.616522, 1692.072102, 1508.444563, 2593.839239, 136.0, 1139.402036, 1018.94308, 1046.231332, 2465.387799, 1389.021238, 864.487131, 2934.246241, 1480.047634, 1110.304463, 1331.788647, 1846.732249, 2378.28783]
[2002.76434, 2058.966003, 1085.259877, 1343.857879, 1348.248123, 947.776345, 1305.117619, 1563.955562, 1225.980424, 1233.094481, 2127.119414, 1083.413587, 1900.293135, 0, 1120.703797, 802.508567, 2346.534679, 736.155554, 1869.626968, 953.155811, 1241.619104, 2350.119359, 1837.105604, 1684.206638, 917.89324, 1528.934269, 1711.430396, 1248.712137, 2167.461649, 2166.298687, 440.941039, 2494.158976, 96.77293, 1756.331688, 2010.218894, 1759.130751, 1863.465857, 1718.235432, 1283.477308, 970.322111, 1518.68397, 2007.253098, 1145.862121, 1402.37085, 242.769438, 1278.504204, 1068.421265, 2081.676248, 2597.081631, 2003.486212, 1962.210998, 1509.335284, 1394.77059, 1040.869829, 1430.151391, 1476.994245, 643.27055, 2184.477054, 875.015428, 1516.356159, 1229.244483, 1737.861329, 929.890854, 894.089481, 205.060967, 1638.872783, 1635.271843, 21.023796, 947.253398, 2468.339725, 1371.453608, 782.842257, 1376.400015, 1398.233528, 1612.35635, 749.208916, 1017.177467, 405.208588, 1866.592618, 615.328368, 1713.278144, 564.734451, 1000.918079, 1394.819343, 727.715604, 435.679928, 1538.648758, 1764.818971, 2263.83237, 2316.518293, 1054.73883, 1769.605888, 1518.133723, 2357.219549, 1554.653981, 487.996926, 2655.97628, 2644.621901, 392.787474, 2058.249013]
[1022.782479, 1921.131437, 1096.864622, 775.652628, 1286.223931, 1101.641049, 1382.927692, 949.868412, 1571.137486, 1714.430809, 1386.172428, 1974.071934, 816.870247, 1120.703797, 0, 413.827259, 1550.907476, 1081.558135, 1737.649562, 1416.779799, 1917.249332, 1923.468222, 1313.868334, 632.396237, 1392.385363, 1864.108634, 678.849762, 2088.403457, 2078.264901, 1919.315763, 1139.126859, 1577.213365, 1199.320641, 928.642019, 1660.710992, 1779.016582, 1662.76216, 996.803892, 337.290676, 1079.787016, 414.772227, 1526.351205, 549.739029, 917.593047, 1240.025806, 786.497298, 1845.975352, 2046.939423, 1874.337216, 1059.834893, 1751.406578, 864.0787, 1150.486853, 301.006644, 1690.370374, 2133.764045, 1291.393821, 1968.824268, 929.606906, 1110.324727, 1121.344283, 1487.77989, 275.506806, 693.902731, 933.197192, 972.247396, 1692.248504, 1134.693351, 334.592289, 1801.002499, 626.319407, 1287.147622, 322.567822, 1253.99362, 1701.296564, 920.541688, 463.155481, 1042.729591, 769.756455, 897.313769, 879.188831, 1312.217208, 1098.364238, 317.064662, 895.335133, 703.863623, 1868.006692, 688.869364, 1575.007936, 1542.538168, 301.424949, 1828.538761, 912.539862, 1488.806569, 2156.870418, 669.354913, 1782.750964, 1893.638297, 1160.298668, 1865.572834]
[1432.644059, 1673.668127, 748.182464, 642.652317, 978.358319, 719.813865, 1472.17662, 1257.192507, 1185.974705, 1315.5782, 1751.179317, 1563.566756, 1226.850439, 802.508567, 413.827259, 0, 1932.523997, 672.173341, 1480.751498, 1011.35256, 1505.869184, 2212.091544, 1611.624336, 1046.168247, 985.301984, 1490.77832, 1091.77745, 1675.067163, 2263.171668, 1711.257432, 962.528441, 1982.466393, 893.499301, 1303.699735, 1483.673819, 1914.818268, 1426.823395, 1342.959791, 482.130688, 704.869491, 823.046171, 1819.429856, 397.658145, 752.494518, 976.969293, 1029.806292, 1432.192724, 1770.24857, 2243.628534, 1464.640912, 1523.229464, 1176.020833, 895.9135, 238.549785, 1325.060376, 1725.276789, 1158.283644, 2192.091239, 547.613002, 924.175308, 1253.836512, 1261.336593, 146.986394, 338.892313, 652.418577, 1299.207451, 1810.516501, 820.288973, 501.969123, 2155.307171, 601.818079, 1206.436903, 587.888595, 1414.189874, 1808.687093, 899.46762, 251.956345, 863.880779, 1175.743169, 818.423485, 1254.187386, 902.997785, 728.154517, 730.819403, 488.968302, 367.919828, 1495.835552, 1101.24021, 1930.511072, 1918.969776, 252.352927, 1516.604431, 817.905863, 1884.982759, 1753.071875, 314.68238, 2182.477949, 2269.772015, 963.3203, 1635.375492]
[635.649274, 3405.507304, 2647.731482, 2254.5769, 2826.885565, 2647.082356, 1479.882766, 788.684981, 3116.130453, 3247.328902, 231.490821, 3390.334792, 1000.348439, 2346.534679, 1550.907476, 1932.523997, 0, 2597.739402, 3236.225579, 2939.560001, 3415.910567, 822.002433, 648.015432, 1009.013875, 2911.600419, 3413.93922, 947.187943, 3533.222467, 1415.275592, 3362.71096, 2071.322283, 339.705755, 2379.55458, 629.026232, 3083.693402, 1460.7457, 3145.864587, 628.716152, 1772.00254, 2627.593956, 1255.00996, 656.227095, 2074.590321, 2398.141989, 2317.15731, 1073.202684, 3308.543637, 3554.296696, 344.653449, 553.483514, 3223.502598, 837.330281, 2669.526175, 1848.741464, 3241.148253, 3643.940312, 2055.558318, 1177.974957, 2474.134394, 2586.071345, 1302.138625, 2970.585969, 1816.035793, 2242.955416, 2146.714932, 708.994358, 1489.198778, 2349.279251, 1475.835357, 358.42433, 2061.675532, 1925.694939, 1639.495044, 1218.964314, 1533.81746, 1666.55843, 2011.224751, 2025.318, 1073.59443, 1775.894704, 678.428331, 2748.586546, 2647.432341, 1267.616661, 2419.722505, 2076.301038, 3418.073288, 1029.847076, 243.647286, 55.00909, 1847.029236, 3363.807367, 2337.723893, 185.399569, 3680.200538, 2074.793966, 347.24775, 346.0, 2125.955079, 3334.984258]
[2103.71576, 1322.882459, 370.793743, 822.868762, 619.887086, 219.14607, 1908.581934, 1889.21624, 559.053665, 653.652048, 2408.761092, 952.49147, 1879.849196, 736.155554, 1081.558135, 672.173341, 2597.739402, 0, 1134.238952, 341.989766, 836.139342, 2809.078497, 2227.855022, 1712.177853, 314.014331, 877.2417, 1760.198, 1034.760359, 2758.602001, 1435.139366, 1136.331818, 2654.634061, 820.98112, 1968.918485, 1298.878362, 2371.525248, 1133.244016, 1994.649343, 1031.775654, 250.0, 1478.346373, 2427.45381, 744.731495, 816.429421, 978.836043, 1633.764365, 785.598498, 1349.715896, 2901.139776, 2136.7962, 1230.97238, 1813.129891, 706.781437, 828.048912, 740.216185, 1053.132945, 1353.139313, 2728.982411, 237.54789, 867.88997, 1753.704935, 1019.425819, 806.240659, 440.709655, 761.711888, 1941.396662, 2253.757085, 756.072087, 1132.886579, 2803.762115, 946.355113, 1469.601647, 1174.247844, 1926.132913, 2239.937946, 1301.304346, 696.509153, 1065.908533, 1822.747651, 1175.783994, 1919.71899, 365.997268, 277.59683, 1397.695961, 187.779126, 598.083606, 884.672256, 1760.111644, 2581.297736, 2581.709511, 836.643891, 1043.115526, 963.882254, 2555.828828, 1082.778832, 569.5507, 2854.016994, 2931.166662, 1101.617447, 1324.206177]
[2630.069581, 195.274166, 798.314474, 982.426079, 530.835191, 922.872147, 2937.101462, 2686.178698, 804.515382, 967.973657, 3100.354818, 1655.739714, 2299.700198, 1869.626968, 1737.649562, 1480.751498, 3236.225579, 1134.238952, 0, 1029.073855, 1277.156607, 3658.905301, 3049.796059, 2231.022411, 1054.495614, 740.624736, 2292.096202, 1605.244218, 3743.785384, 319.707679, 2251.197903, 3179.210594, 1955.219681, 2642.414426, 362.432063, 3388.955296, 118.406081, 2730.018315, 1466.674129, 903.965707, 1981.605914, 3261.915082, 1187.911192, 838.263085, 2112.394376, 2493.295009, 1426.57527, 319.901547, 3574.655508, 2696.018546, 141.566239, 2600.727975, 590.892545, 1443.817509, 641.954827, 1308.12423, 2469.442852, 3669.485114, 1028.527588, 651.027649, 2732.572597, 271.751725, 1528.670664, 1151.142476, 1871.022448, 2709.736703, 3280.459267, 1889.752629, 1967.803344, 3520.251127, 1175.095741, 2570.620353, 1596.783016, 2894.668548, 3274.836179, 2338.918767, 1291.252493, 2171.140944, 2225.701912, 2230.727684, 2594.596886, 1416.312112, 872.794363, 1976.58291, 1170.642986, 1639.79084, 731.820333, 2227.859286, 3295.720862, 3237.732849, 1440.458608, 307.043971, 910.760671, 3137.230148, 1227.775224, 1589.629517, 3405.029368, 3582.010609, 2222.510517, 194.987179]
[2439.551803, 1196.735978, 479.129419, 1042.353107, 612.007353, 363.76091, 2205.272319, 2229.014356, 275.045451, 314.636298, 2750.691004, 729.965068, 2204.223219, 953.155811, 1416.779799, 1011.35256, 2939.560001, 341.989766, 1029.073855, 0, 514.995146, 3140.672699, 2564.606208, 2044.321403, 35.468296, 577.700615, 2093.915949, 765.310395, 3063.407253, 1347.854592, 1386.212466, 2992.699283, 1019.631796, 2310.668518, 1278.049295, 2668.037668, 1063.648908, 2336.348647, 1335.955089, 401.807168, 1805.823081, 2762.236232, 1027.327601, 992.589543, 1184.263906, 1970.33119, 521.123786, 1174.275096, 3243.025285, 2474.84646, 1151.420861, 2153.641799, 785.053501, 1150.758011, 483.045547, 718.366202, 1595.343537, 3045.701561, 508.694407, 978.63272, 2068.824787, 998.438781, 1141.36103, 746.427491, 1033.30344, 2282.311548, 2547.60201, 970.008247, 1474.207923, 3144.88871, 1201.396271, 1727.848373, 1483.005394, 2242.098348, 2530.401747, 1603.708203, 1007.00149, 1329.893229, 2144.464968, 1473.046164, 2261.427868, 412.622103, 404.426755, 1731.247238, 522.551433, 921.078173, 587.007666, 2088.001916, 2922.735876, 2923.673203, 1157.998273, 853.822581, 1147.750844, 2896.201996, 741.758047, 900.076108, 3193.826545, 3273.156428, 1342.965376, 1223.801046]
[2938.500468, 1395.186367, 971.518914, 1543.004861, 1025.154135, 875.416472, 2546.095442, 2680.318078, 523.05449, 323.542887, 3218.508506, 410.098769, 2714.229909, 1241.619104, 1917.249332, 1505.869184, 3415.910567, 836.139342, 1277.156607, 514.995146, 0, 3554.465501, 3000.067499, 2548.295509, 532.603042, 565.892216, 2596.058551, 328.097546, 3408.887795, 1584.703127, 1678.089688, 3486.858902, 1275.931424, 2789.357094, 1599.125386, 3000.660761, 1351.028127, 2801.339144, 1850.665826, 911.559652, 2313.764249, 3189.077766, 1541.970817, 1477.447123, 1429.894052, 2409.676534, 217.554591, 1298.048535, 3708.527605, 2969.401455, 1417.000353, 2609.528885, 1231.194948, 1660.775722, 636.176862, 237.356272, 1863.30486, 3419.001316, 1023.453956, 1429.772709, 2450.208154, 1345.060593, 1642.161076, 1259.800778, 1382.522333, 2740.217875, 2876.655002, 1252.354582, 1940.733109, 3601.233816, 1710.751005, 2014.876671, 1997.32446, 2622.614154, 2853.032948, 1970.584685, 1520.402578, 1646.379057, 2655.757896, 1835.393418, 2740.733478, 698.16975, 909.723584, 2233.685967, 1023.503786, 1351.907171, 577.104843, 2595.738816, 3382.665369, 3396.729751, 1668.605406, 1007.633366, 1631.531796, 3383.033254, 317.056777, 1345.200729, 3682.6409, 3743.29387, 1625.226138, 1455.013746]
[1326.701926, 3844.074921, 2960.089526, 2696.23163, 3184.333211, 2917.008228, 1138.279843, 973.611832, 3364.369926, 3455.045731, 744.013441, 3433.312395, 1666.902817, 2350.119359, 1923.468222, 2212.091544, 822.002433, 2809.078497, 3658.905301, 3140.672699, 3554.465501, 0, 609.60643, 1580.653346, 3107.978925, 3679.97731, 1523.82709, 3598.208582, 658.368438, 3840.114191, 1966.946873, 1156.228351, 2349.89021, 1098.76021, 3575.542616, 875.35707, 3586.121024, 962.424023, 2224.234925, 2908.201162, 1776.311347, 397.13222, 2472.208931, 2839.621278, 2238.389153, 1183.697597, 3405.446373, 3964.083375, 677.213408, 1233.4018, 3674.817683, 1059.480061, 3069.070543, 2215.113767, 3524.976312, 3791.451569, 1865.801704, 417.579932, 2750.204538, 3032.697974, 1123.423785, 3411.243908, 2137.337128, 2550.252733, 2180.096557, 959.5525, 961.052028, 2345.510819, 1710.132743, 522.398315, 2528.813556, 1706.594562, 2124.033898, 961.33761, 1008.557386, 1600.95128, 2369.750409, 1959.96454, 1728.810285, 1734.972622, 1136.178243, 2856.787006, 2933.916495, 1729.361732, 2657.036883, 2220.33556, 3686.387527, 1642.326703, 586.941224, 771.990933, 2218.473574, 3726.296821, 2818.538096, 1005.624681, 3850.986887, 2241.098391, 1073.812367, 758.516974, 2026.080206, 3788.971364]
[854.279814, 3234.61837, 2359.576657, 2086.882124, 2579.000194, 2323.495858, 833.072026, 364.005494, 2777.933225, 2879.137544, 429.12003, 2914.379865, 1142.46094, 1837.105604, 1313.868334, 1611.624336, 648.015432, 2227.855022, 3049.796059, 2564.606208, 3000.067499, 609.60643, 0, 1015.0, 2532.973944, 3091.064703, 963.844905, 3071.297609, 931.17399, 3230.9121, 1502.724193, 946.684742, 1852.679141, 543.641426, 2967.288493, 853.984777, 2976.559759, 381.848137, 1616.683333, 2312.637023, 1186.231849, 212.55117, 1862.748775, 2230.142821, 1764.83257, 594.279396, 2864.846418, 3355.863674, 789.10709, 768.960337, 3065.212064, 449.891098, 2460.319085, 1606.177138, 2931.812068, 3235.41172, 1452.965244, 740.694944, 2154.485786, 2423.196443, 679.980147, 2801.647551, 1531.141404, 1948.286683, 1651.041187, 356.602019, 861.106846, 1835.823793, 1110.568323, 641.248782, 1921.121027, 1311.025934, 1520.690633, 575.543222, 902.972868, 1105.412593, 1761.713087, 1473.901286, 1193.811124, 1230.512901, 569.590204, 2307.519014, 2337.45032, 1128.131198, 2068.406391, 1651.276476, 3097.016145, 1090.504929, 467.546789, 597.924744, 1609.346762, 3121.756557, 2210.974672, 767.297204, 3287.819946, 1665.756885, 994.676329, 851.52569, 1560.465636, 3179.366604]
[406.975429, 2397.80754, 1691.288562, 1252.390514, 1844.152109, 1716.638576, 1465.634334, 712.899011, 2183.059321, 2336.214459, 902.202305, 2602.184659, 228.740027, 1684.206638, 632.396237, 1046.168247, 1009.013875, 1712.177853, 2231.022411, 2044.321403, 2548.295509, 1580.653346, 1015.0, 0, 2021.067045, 2463.561649, 61.983869, 2719.785653, 1924.289479, 2353.902717, 1581.602036, 967.293647, 1749.121208, 482.121354, 2075.445976, 1736.083235, 2138.572655, 633.240081, 776.408398, 1691.018924, 253.023714, 1209.137296, 1092.908047, 1394.464772, 1751.544747, 765.475669, 2478.100079, 2550.038431, 1351.563909, 465.429909, 2215.084648, 646.882524, 1673.954898, 899.005006, 2284.858201, 2762.445294, 1672.445216, 1752.758968, 1547.618816, 1580.081011, 1186.902692, 1963.770353, 906.371337, 1307.561088, 1482.458094, 673.765538, 1687.616663, 1694.601428, 742.130043, 1317.780331, 1056.011837, 1610.513583, 636.258595, 1244.477802, 1713.284857, 1242.594866, 1055.224147, 1499.176441, 228.560714, 1285.23033, 447.77003, 1940.146644, 1706.355473, 315.349013, 1525.113111, 1303.621494, 2466.403049, 101.123687, 1102.054899, 1015.494461, 893.757238, 2372.414171, 1328.997366, 907.270632, 2781.572397, 1279.343973, 1185.152311, 1353.477373, 1619.449907, 2326.288245]
[2415.122564, 1224.224244, 478.235298, 1035.854237, 625.719586, 354.457332, 2170.202756, 2198.398735, 309.535135, 347.070598, 2721.735659, 727.714917, 2183.097341, 917.89324, 1392.385363, 985.301984, 2911.600419, 314.014331, 1054.495614, 35.468296, 532.603042, 3107.978925, 2532.973944, 2021.067045, 0, 613.168819, 2070.177287, 771.420767, 3028.549818, 1372.694431, 1350.764598, 2967.394312, 984.738036, 2282.841431, 1297.149182, 2632.9248, 1086.271145, 2306.98873, 1318.411923, 393.686423, 1783.800718, 2730.140106, 1012.580861, 990.840048, 1149.358517, 1938.73077, 524.690385, 1205.1224, 3213.93855, 2449.52179, 1175.15616, 2123.37585, 792.142033, 1129.439684, 517.034815, 741.484996, 1559.978525, 3011.480035, 491.629942, 983.808925, 2034.605121, 1016.528406, 1116.88182, 727.20011, 997.966933, 2252.269966, 2512.427113, 934.799444, 1444.565333, 3114.940288, 1190.958018, 1692.38589, 1464.799304, 2207.907833, 2495.151498, 1568.934033, 987.810711, 1294.438102, 2123.952918, 1438.119953, 2233.664702, 379.732801, 399.005012, 1707.487335, 497.226307, 888.000563, 622.472489, 2065.954985, 2893.056688, 2895.32468, 1136.975813, 884.882478, 1145.828085, 2869.651547, 768.768496, 867.873839, 3167.634133, 3244.552512, 1307.569501, 1249.395454]
[2869.240492, 836.909195, 772.295928, 1287.612519, 671.417158, 771.00454, 2777.743689, 2743.625521, 318.276609, 322.518217, 3239.929783, 970.808426, 2591.853777, 1528.934269, 1864.108634, 1490.77832, 3413.93922, 877.2417, 740.624736, 577.700615, 565.892216, 3679.97731, 3091.064703, 2463.561649, 613.168819, 0, 2518.842988, 888.275858, 3632.612558, 1033.256019, 1963.715102, 3429.481739, 1591.706317, 2787.746222, 1087.920953, 3240.881516, 831.363338, 2833.673411, 1701.275404, 787.304896, 2213.367796, 3294.28065, 1377.348177, 1180.381294, 1756.133537, 2499.204874, 752.630055, 732.169379, 3731.685544, 2916.44321, 882.165517, 2664.169852, 886.763215, 1570.908654, 183.087411, 567.506828, 2171.909989, 3606.18857, 943.31543, 1069.519518, 2630.5699, 868.949941, 1598.470832, 1170.984201, 1609.599329, 2789.03711, 3121.316709, 1545.254024, 1983.573795, 3646.027016, 1483.652587, 2305.496476, 1850.470481, 2803.17338, 3105.127534, 2173.068338, 1410.509837, 1907.42182, 2524.738402, 2044.3779, 2738.097515, 974.343369, 766.593112, 2163.045307, 1023.21552, 1475.25896, 11.661904, 2490.229307, 3421.067231, 3403.555347, 1574.327158, 450.001111, 1319.200515, 3351.189043, 491.138473, 1445.91044, 3641.8196, 3754.880158, 1919.921353, 904.756873]
[350.406906, 2459.281399, 1746.560334, 1312.877755, 1902.427134, 1769.203776, 1442.307179, 672.232847, 2236.454784, 2387.676695, 840.931032, 2643.189929, 232.008621, 1711.430396, 678.849762, 1091.77745, 947.187943, 1760.198, 2292.096202, 2093.915949, 2596.058551, 1523.82709, 963.844905, 61.983869, 2070.177287, 2518.842988, 0, 2763.105499, 1878.400383, 2415.825325, 1593.547301, 910.837527, 1773.976606, 426.521981, 2137.415729, 1699.702621, 2199.966591, 582.103943, 835.533363, 1744.182617, 312.257906, 1155.263173, 1150.426877, 1455.214761, 1770.989836, 745.523306, 2522.510258, 2611.001723, 1289.623588, 405.187611, 2276.699805, 610.449834, 1733.676152, 951.781488, 2340.608682, 2811.661786, 1676.849725, 1703.141216, 1599.475539, 1641.222106, 1165.366895, 2025.075801, 953.958594, 1359.862493, 1508.517153, 627.969744, 1654.755571, 1721.220497, 765.588009, 1256.052945, 1117.016114, 1609.258214, 696.603905, 1215.194223, 1681.686356, 1245.177899, 1109.338542, 1513.365785, 251.097591, 1294.022025, 394.689752, 1981.458301, 1760.012784, 362.691329, 1573.574275, 1338.669862, 2521.810857, 130.0, 1040.757897, 953.518222, 946.988912, 2431.831614, 1390.680409, 847.057259, 2832.315837, 1316.52763, 1126.987134, 1291.799133, 1633.082974, 2387.975084]
[3096.38515, 1721.738947, 1243.296023, 1807.09712, 1331.482257, 1125.821478, 2538.499163, 2772.682636, 838.600024, 645.804924, 3325.599645, 181.033146, 2900.775758, 1248.712137, 2088.403457, 1675.067163, 3533.222467, 1034.760359, 1605.244218, 765.310395, 328.097546, 3598.208582, 3071.297609, 2719.785653, 771.420767, 888.275858, 2763.105499, 0, 3392.991011, 1912.423593, 1659.71594, 3632.285369, 1258.424809, 2914.995883, 1925.089608, 2979.296058, 1678.298245, 2908.629402, 2066.518812, 1165.09785, 2497.06728, 3249.323776, 1773.695013, 1756.40599, 1393.633022, 2492.862812, 249.803923, 1618.632139, 3809.185871, 3118.725541, 1745.01404, 2708.066654, 1529.37667, 1857.387412, 964.025415, 399.061399, 1820.299151, 3426.448015, 1251.738791, 1727.266627, 2477.947538, 1667.363188, 1818.660221, 1474.86474, 1421.91139, 2839.536934, 2854.252967, 1254.371556, 2062.851667, 3691.027635, 1960.537936, 1980.0, 2208.31361, 2646.539061, 2826.000177, 1997.703682, 1731.110626, 1647.185478, 2847.156125, 1863.299493, 2867.724533, 787.421742, 1169.449871, 2404.753834, 1219.104589, 1457.918036, 899.169617, 2776.260074, 3478.437724, 3509.547692, 1866.852967, 1333.919413, 1911.566897, 3516.437117, 517.220456, 1464.41968, 3817.654254, 3849.925843, 1602.642817, 1782.777889]
[1783.054963, 3936.838452, 2982.653349, 2840.372511, 3232.783476, 2907.412939, 863.195227, 1216.546341, 3314.881898, 3368.86984, 1269.716898, 3217.238723, 2069.699495, 2167.461649, 2078.264901, 2263.171668, 1415.275592, 2758.602001, 3743.785384, 3063.407253, 3408.887795, 658.368438, 931.17399, 1924.289479, 3028.549818, 3632.612558, 1878.400383, 3392.991011, 0, 3967.210607, 1736.242207, 1754.614773, 2140.473079, 1470.201687, 3723.666204, 414.932525, 3688.671983, 1302.166272, 2410.518616, 2907.786959, 2059.950728, 790.886212, 2595.189781, 2975.469375, 1999.40016, 1293.536625, 3232.838072, 4028.290208, 1330.370249, 1695.365742, 3784.015063, 1292.512669, 3158.088821, 2334.373578, 3498.020726, 3644.455789, 1576.200812, 243.741667, 2755.702814, 3163.100062, 1014.299758, 3520.472696, 2228.764905, 2594.698056, 2037.88616, 1250.699804, 539.796258, 2157.340029, 1789.791329, 1167.882271, 2704.457247, 1414.379016, 2344.505278, 849.167239, 572.053319, 1459.909586, 2469.303546, 1762.509574, 2117.334645, 1590.559964, 1490.591829, 2720.701564, 2936.821581, 1975.151893, 2637.511706, 2162.913082, 3640.660654, 2007.643395, 1171.880967, 1360.908887, 2341.42179, 3757.547738, 2988.586957, 1586.445713, 3720.574821, 2199.376503, 1708.117092, 1412.093835, 1792.027902, 3896.905567]
[2740.500867, 206.526027, 1083.251125, 1144.162576, 818.073958, 1219.118534, 3181.611227, 2867.244845, 1123.345895, 1281.700433, 3244.155514, 1970.067258, 2393.768577, 2166.298687, 1919.315763, 1711.257432, 3362.71096, 1435.139366, 319.707679, 1347.854592, 1584.703127, 3840.114191, 3230.9121, 2353.902717, 1372.694431, 1033.256019, 2415.825325, 1912.423593, 3967.210607, 0, 2533.575537, 3275.209459, 2254.303662, 2791.627661, 283.2137, 3625.994622, 302.94719, 2893.551624, 1619.412239, 1196.045568, 2112.532367, 3443.430992, 1377.406984, 1001.759452, 2408.627202, 2695.329479, 1741.484998, 392.451271, 3705.436142, 2813.299309, 204.200881, 2781.227247, 819.42968, 1639.005796, 953.889407, 1597.145579, 2751.359846, 3878.733041, 1306.795317, 809.455372, 2963.692967, 451.069839, 1738.766517, 1397.129199, 2154.014856, 2882.586686, 3521.527509, 2186.746442, 2178.94401, 3664.114763, 1315.99886, 2844.743222, 1734.30476, 3120.607793, 3518.83745, 2592.968955, 1498.165545, 2449.835913, 2318.558604, 2491.508178, 2745.471908, 1730.534311, 1165.386202, 2126.515695, 1452.899171, 1908.347191, 1023.410963, 2337.632991, 3442.448692, 3369.081329, 1633.452785, 583.493787, 1029.642656, 3249.822457, 1508.26556, 1855.093798, 3503.987443, 3706.218153, 2508.137955, 129.757466]
[1831.607491, 2444.402586, 1453.611365, 1589.415301, 1721.316357, 1332.630857, 878.786095, 1284.554397, 1655.889187, 1672.530119, 1842.829346, 1486.486461, 1809.491918, 440.941039, 1139.126859, 962.528441, 2071.322283, 1136.331818, 2251.197903, 1386.212466, 1678.089688, 1966.946873, 1502.724193, 1581.602036, 1350.764598, 1963.715102, 1593.547301, 1659.71594, 1736.242207, 2533.575537, 0, 2265.261133, 404.316708, 1533.274274, 2351.142914, 1324.798098, 2231.693527, 1458.356609, 1394.780628, 1348.1402, 1475.206426, 1650.777393, 1356.077063, 1677.531818, 271.900717, 1005.944332, 1497.138938, 2484.53396, 2285.842077, 1812.776875, 2331.42124, 1248.106566, 1731.242906, 1175.813336, 1856.558644, 1911.914486, 218.247566, 1767.999152, 1226.84025, 1821.287731, 847.169995, 2091.309877, 1044.855014, 1174.872333, 380.196002, 1368.27373, 1200.222063, 427.790837, 860.568417, 2143.739723, 1564.136183, 342.486496, 1446.678955, 1005.649044, 1175.348459, 404.79748, 1212.041666, 99.463561, 1792.45781, 307.027686, 1497.209738, 1005.488936, 1379.380296, 1340.431274, 1081.593731, 643.212251, 1973.144952, 1675.108653, 1954.589471, 2034.493057, 1189.403632, 2179.425612, 1767.442503, 2111.452817, 1992.71172, 702.249244, 2400.770085, 2341.514894, 59.135438, 2433.558711]
