100
[0.00, 2793.17, 2096.96, 1655.28, 2250.92, 2118.34, 1514.53, 685.12, 2586.13, 2735.58, 589.90, 2971.08, 365.26, 2002.76, 1022.78, 1432.64, 635.65, 2103.72, 2630.07, 2439.55, 2938.50, 1326.70, 854.28, 406.98, 2415.12, 2869.24, 350.41, 3096.39, 1783.05, 2740.50, 1831.61, 560.51, 2057.09, 360.01, 2459.64, 1681.05, 2535.00, 521.07, 1182.69, 2093.77, 659.76, 1005.34, 1499.88, 1796.08, 2035.27, 874.98, 2858.45, 2949.66, 979.68, 93.35, 2608.81, 662.70, 2078.85, 1301.39, 2691.00, 3156.41, 1882.64, 1578.65, 1948.05, 1979.20, 1258.34, 2361.19, 1298.26, 1708.93, 1797.81, 607.65, 1661.38, 2010.54, 1059.75, 974.48, 1456.78, 1791.10, 1040.54, 1260.06, 1695.99, 1452.15, 1459.54, 1761.21, 438.00, 1525.02, 371.52, 2311.23, 2109.90, 709.93, 1917.98, 1655.45, 2872.22, 403.32, 779.64, 653.69, 1296.86, 2777.78, 1723.09, 509.35, 3179.24, 1638.84, 778.81, 970.79, 1877.16, 2718.80]
[2793.17, 0.00, 992.50, 1157.31, 725.40, 1114.03, 3132.02, 2870.72, 955.59, 1100.64, 3275.01, 1787.50, 2456.25, 2058.97, 1921.13, 1673.67, 3405.51, 1322.88, 195.27, 1196.74, 1395.19, 3844.07, 3234.62, 2397.81, 1224.22, 836.91, 2459.28, 1721.74, 3936.84, 206.53, 2444.40, 3337.75, 2143.41, 2818.26, 402.85, 3583.41, 260.23, 2910.06, 1641.22, 1096.45, 2150.59, 3446.96, 1371.87, 1012.47, 2301.69, 2682.33, 1560.45, 202.30, 3745.60, 2861.61, 188.10, 2785.06, 780.57, 1629.96, 773.05, 1397.01, 2662.65, 3860.39, 1223.20, 821.11, 2926.31, 436.29, 1718.21, 1345.50, 2064.31, 2892.25, 3475.20, 2078.94, 2158.12, 3695.25, 1344.46, 2764.98, 1766.90, 3087.83, 3469.76, 2534.15, 1479.64, 2365.01, 2381.63, 2425.98, 2770.88, 1593.11, 1065.23, 2151.63, 1364.66, 1834.87, 826.66, 2390.05, 3471.42, 3408.60, 1626.08, 387.87, 1070.08, 3301.70, 1305.71, 1784.84, 3564.88, 3750.81, 2415.04, 101.98]
[2096.96, 992.50, 0.00, 571.69, 267.74, 155.54, 2156.38, 2003.55, 505.97, 688.04, 2479.99, 1205.84, 1823.19, 1085.26, 1096.86, 748.18, 2647.73, 370.79, 798.31, 479.13, 971.52, 2960.09, 2359.58, 1691.29, 478.24, 772.30, 1746.56, 1243.30, 2982.65, 1083.25, 1453.61, 2657.25, 1175.24, 2024.43, 930.42, 2613.92, 780.39, 2080.08, 933.31, 120.81, 1441.37, 2567.61, 609.58, 513.47, 1326.86, 1777.10, 1000.25, 1052.42, 2970.01, 2144.74, 879.79, 1921.35, 339.70, 800.35, 594.83, 1141.13, 1671.80, 2927.36, 232.05, 516.26, 1968.38, 653.70, 838.69, 412.15, 1073.44, 2042.13, 2501.73, 1105.91, 1250.09, 2890.95, 746.75, 1772.47, 1083.07, 2135.80, 2493.30, 1552.10, 638.98, 1372.86, 1757.42, 1438.92, 1974.85, 720.12, 95.35, 1391.49, 372.36, 845.25, 775.27, 1719.10, 2665.17, 2639.22, 803.20, 775.58, 668.64, 2580.64, 1131.82, 797.82, 2870.17, 2990.41, 1426.25, 980.15]
[1655.28, 1157.31, 571.69, 0.00, 622.79, 682.07, 2091.34, 1723.13, 1064.92, 1255.85, 2118.41, 1754.45, 1339.59, 1343.86, 775.65, 642.65, 2254.58, 822.87, 982.43, 1042.35, 1543.00, 2696.23, 2086.88, 1252.39, 1035.85, 1287.61, 1312.88, 1807.10, 2840.37, 1144.16, 1589.42, 2210.19, 1440.58, 1661.10, 886.05, 2518.09, 897.15, 1754.12, 484.38, 642.29, 1001.20, 2299.42, 251.83, 144.84, 1557.73, 1556.75, 1560.35, 1299.78, 2592.36, 1717.82, 981.51, 1637.12, 427.83, 507.01, 1104.63, 1709.87, 1793.09, 2741.02, 585.33, 337.44, 1852.82, 721.07, 623.35, 453.44, 1243.78, 1739.74, 2421.08, 1364.31, 1052.55, 2538.50, 202.34, 1848.26, 616.29, 2001.09, 2423.68, 1538.08, 394.17, 1492.89, 1267.91, 1461.00, 1613.62, 1182.84, 637.93, 994.67, 686.91, 953.73, 1287.68, 1256.23, 2314.37, 2255.49, 499.30, 1125.95, 178.10, 2159.65, 1693.63, 893.57, 2433.29, 2600.50, 1582.73, 1095.30]
[2250.92, 725.40, 267.74, 622.79, 0.00, 401.93, 2414.70, 2218.61, 504.46, 707.05, 2671.20, 1328.70, 1951.77, 1348.25, 1286.22, 978.36, 2826.89, 619.89, 530.84, 612.01, 1025.15, 3184.33, 2579.00, 1844.15, 625.72, 671.42, 1902.43, 1331.48, 3232.78, 818.07, 1721.32, 2810.35, 1436.61, 2212.48, 686.13, 2869.89, 515.22, 2281.70, 1068.65, 377.97, 1591.19, 2789.24, 753.28, 509.22, 1590.55, 2005.85, 1106.33, 795.62, 3156.68, 2306.35, 614.07, 2134.69, 217.86, 985.25, 490.41, 1148.52, 1939.52, 3169.41, 497.80, 411.42, 2218.96, 403.71, 1047.94, 640.52, 1341.13, 2250.99, 2759.31, 1368.72, 1477.08, 3087.12, 823.08, 2039.79, 1213.97, 2384.20, 2752.15, 1813.02, 823.79, 1640.54, 1881.86, 1702.37, 2163.33, 940.47, 347.33, 1559.94, 640.07, 1110.00, 670.40, 1859.52, 2861.15, 2822.31, 985.03, 543.40, 648.73, 2746.90, 1111.83, 1060.87, 3029.27, 3172.03, 1693.66, 712.77]
[2118.34, 1114.03, 155.54, 682.07, 401.93, 0.00, 2069.03, 1973.69, 469.59, 622.60, 2469.97, 1074.34, 1864.06, 947.78, 1101.64, 719.81, 2647.08, 219.15, 922.87, 363.76, 875.42, 2917.01, 2323.50, 1716.64, 354.46, 771.00, 1769.20, 1125.82, 2907.41, 1219.12, 1332.63, 2676.42, 1035.19, 2019.50, 1079.82, 2529.88, 916.60, 2062.77, 983.76, 40.80, 1471.74, 2528.44, 668.43, 645.83, 1190.41, 1733.89, 878.42, 1154.33, 2962.09, 2160.18, 1014.93, 1893.73, 495.18, 817.64, 608.36, 1064.89, 1550.68, 2863.48, 172.99, 668.05, 1895.19, 800.30, 831.31, 409.41, 953.42, 2018.19, 2414.98, 968.10, 1214.05, 2875.12, 837.64, 1659.06, 1132.59, 2065.32, 2404.09, 1461.47, 664.12, 1256.42, 1801.55, 1342.34, 1969.87, 564.74, 60.21, 1408.58, 270.09, 749.63, 776.17, 1752.97, 2650.26, 2635.39, 823.03, 858.65, 799.50, 2590.37, 1070.54, 708.80, 2884.17, 2986.59, 1301.70, 1110.52]
[1514.53, 3132.02, 2156.38, 2091.34, 2414.70, 2069.03, 0.00, 829.82, 2461.04, 2508.38, 1255.08, 2364.90, 1671.12, 1305.12, 1382.93, 1472.18, 1479.88, 1908.58, 2937.10, 2205.27, 2546.10, 1138.28, 833.07, 1465.63, 2170.20, 2777.74, 1442.31, 2538.50, 863.20, 3181.61, 878.79, 1761.37, 1281.62, 1154.89, 2955.32, 463.19, 2892.44, 1004.84, 1718.38, 2072.94, 1505.23, 901.05, 1839.79, 2215.82, 1146.83, 701.39, 2372.12, 3208.39, 1595.69, 1454.28, 2990.26, 857.39, 2363.10, 1589.07, 2648.75, 2781.94, 740.52, 892.10, 1925.71, 2394.42, 280.85, 2730.78, 1468.00, 1787.70, 1175.96, 911.07, 345.95, 1295.47, 1055.93, 1432.44, 1986.44, 577.67, 1690.49, 265.35, 337.75, 608.05, 1702.17, 899.93, 1691.76, 733.51, 1145.13, 1857.60, 2102.88, 1387.14, 1799.32, 1319.57, 2786.11, 1565.27, 1293.56, 1430.65, 1598.66, 2925.91, 2254.55, 1584.41, 2857.44, 1361.26, 1827.03, 1665.98, 936.01, 3100.93]
[685.12, 2870.72, 2003.55, 1723.13, 2218.61, 1973.69, 829.82, 0.00, 2433.09, 2542.62, 564.13, 2622.98, 883.36, 1563.96, 949.87, 1257.19, 788.68, 1889.22, 2686.18, 2229.01, 2680.32, 973.61, 364.01, 712.90, 2198.40, 2743.63, 672.23, 2772.68, 1216.55, 2867.24, 1284.55, 994.04, 1593.21, 325.19, 2604.42, 1030.09, 2612.59, 185.22, 1254.90, 1961.04, 847.32, 576.52, 1498.88, 1866.26, 1528.47, 285.78, 2556.71, 2992.93, 1037.06, 625.14, 2701.21, 86.03, 2097.04, 1242.86, 2581.19, 2913.47, 1283.20, 1061.24, 1803.11, 2059.29, 582.13, 2437.65, 1170.81, 1591.55, 1367.27, 88.12, 993.28, 1565.68, 760.11, 921.14, 1559.01, 1166.06, 1163.62, 575.54, 1024.04, 880.36, 1399.26, 1236.72, 919.99, 987.30, 319.27, 1996.13, 1985.01, 775.49, 1723.78, 1328.58, 2749.20, 802.19, 705.76, 754.93, 1245.83, 2761.79, 1848.87, 831.47, 2960.18, 1336.62, 1116.55, 1081.39, 1338.49, 2815.36]
[2586.13, 955.59, 505.97, 1064.92, 504.46, 469.59, 2461.04, 2433.09, 0.00, 202.59, 2937.15, 861.15, 2323.84, 1225.98, 1571.14, 1185.97, 3116.13, 559.05, 804.52, 275.05, 523.05, 3364.37, 2777.93, 2183.06, 309.54, 318.28, 2236.45, 838.60, 3314.88, 1123.35, 1655.89, 3144.89, 1294.10, 2488.14, 1096.03, 2924.22, 859.27, 2527.97, 1436.23, 492.38, 1936.12, 2980.01, 1113.68, 980.61, 1458.69, 2185.09, 632.00, 912.48, 3429.57, 2629.13, 937.18, 2354.59, 715.72, 1284.74, 208.80, 650.31, 1866.82, 3287.93, 642.25, 913.45, 2312.30, 830.76, 1300.75, 878.00, 1296.23, 2480.63, 2805.08, 1243.21, 1673.14, 3340.02, 1249.19, 1996.52, 1586.02, 2484.90, 2789.48, 1855.64, 1128.11, 1596.23, 2259.35, 1727.54, 2438.53, 686.53, 476.87, 1876.82, 709.68, 1157.01, 325.95, 2216.19, 3115.71, 3103.93, 1289.48, 592.65, 1131.24, 3059.92, 628.78, 1128.08, 3353.45, 3455.01, 1614.03, 995.32]
[2735.58, 1100.64, 688.04, 1255.85, 707.05, 622.60, 2508.38, 2542.62, 202.59, 0.00, 3061.11, 688.37, 2486.59, 1233.09, 1714.43, 1315.58, 3247.33, 653.65, 967.97, 314.64, 323.54, 3455.05, 2879.14, 2336.21, 347.07, 322.52, 2387.68, 645.80, 3368.87, 1281.70, 1672.53, 3291.63, 1289.32, 2618.31, 1279.69, 2970.23, 1035.01, 2647.76, 1605.06, 652.57, 2093.10, 3076.87, 1286.10, 1177.71, 1452.70, 2284.86, 460.09, 1027.43, 3553.66, 2774.23, 1105.68, 2466.76, 917.71, 1437.81, 328.11, 454.04, 1875.67, 3356.01, 788.74, 1115.69, 2379.29, 1022.23, 1440.20, 1029.22, 1332.89, 2595.04, 2848.77, 1248.13, 1786.46, 3457.35, 1434.79, 2015.01, 1754.30, 2552.67, 2830.02, 1910.61, 1286.40, 1623.10, 2424.14, 1778.55, 2568.91, 670.08, 643.19, 2025.77, 827.61, 1235.03, 333.90, 2374.72, 3234.70, 3232.52, 1443.81, 718.79, 1329.66, 3199.61, 448.13, 1214.69, 3495.87, 3582.59, 1625.85, 1152.11]
[589.90, 3275.01, 2479.99, 2118.41, 2671.20, 2469.97, 1255.08, 564.13, 2937.15, 3061.11, 0.00, 3179.49, 944.83, 2127.12, 1386.17, 1751.18, 231.49, 2408.76, 3100.35, 2750.69, 3218.51, 744.01, 429.12, 902.20, 2721.74, 3239.93, 840.93, 3325.60, 1269.72, 3244.16, 1842.83, 519.17, 2157.32, 459.18, 2968.77, 1267.46, 3014.79, 417.61, 1634.06, 2452.63, 1132.71, 482.20, 1923.82, 2263.07, 2091.04, 849.85, 3104.52, 3416.01, 492.64, 496.95, 3096.14, 619.43, 2524.10, 1686.90, 3070.22, 3448.75, 1824.35, 1043.52, 2297.12, 2453.90, 1071.24, 2838.80, 1642.56, 2070.93, 1929.08, 488.67, 1285.29, 2129.18, 1278.69, 420.30, 1931.84, 1694.21, 1510.50, 992.37, 1328.42, 1438.05, 1849.29, 1798.77, 1012.37, 1549.47, 508.02, 2543.75, 2473.87, 1123.80, 2234.40, 1872.07, 3244.56, 943.89, 199.86, 191.67, 1686.50, 3212.05, 2214.79, 339.85, 3489.01, 1873.99, 576.09, 525.09, 1897.89, 3208.90]
[2971.08, 1787.50, 1205.84, 1754.45, 1328.70, 1074.34, 2364.90, 2622.98, 861.15, 688.37, 3179.49, 0.00, 2790.08, 1083.41, 1974.07, 1563.57, 3390.33, 952.49, 1655.74, 729.97, 410.10, 3433.31, 2914.38, 2602.18, 727.71, 970.81, 2643.19, 181.03, 3217.24, 1970.07, 1486.49, 3500.22, 1087.59, 2776.73, 1957.15, 2803.14, 1718.59, 2763.61, 1977.05, 1114.85, 2386.42, 3089.04, 1697.22, 1717.51, 1218.63, 2341.09, 229.56, 1701.69, 3660.04, 2989.56, 1792.47, 2560.61, 1513.44, 1758.44, 1016.32, 550.18, 1643.01, 3254.31, 1181.45, 1708.25, 2311.29, 1689.18, 1709.31, 1391.69, 1263.34, 2691.96, 2678.08, 1087.81, 1926.96, 3538.56, 1895.07, 1803.40, 2114.84, 2478.68, 2649.26, 1832.38, 1641.73, 1477.62, 2739.24, 1698.74, 2730.13, 662.09, 1123.87, 2288.42, 1129.56, 1321.26, 982.26, 2662.93, 3328.23, 3365.09, 1768.74, 1402.62, 1872.19, 3379.70, 665.34, 1332.96, 3680.98, 3702.72, 1428.93, 1840.47]
[365.26, 2456.25, 1823.19, 1339.59, 1951.77, 1864.06, 1671.12, 883.36, 2323.84, 2486.59, 944.83, 2790.08, 0.00, 1900.29, 816.87, 1226.85, 1000.35, 1879.85, 2299.70, 2204.22, 2714.23, 1666.90, 1142.46, 228.74, 2183.10, 2591.85, 232.01, 2900.78, 2069.70, 2393.77, 1809.49, 882.01, 1967.95, 599.65, 2111.51, 1913.42, 2200.39, 767.87, 890.60, 1835.42, 403.83, 1319.43, 1214.63, 1475.55, 1975.41, 976.62, 2656.09, 2619.56, 1343.72, 453.03, 2270.11, 829.03, 1767.22, 1053.66, 2410.59, 2921.99, 1901.10, 1882.36, 1699.65, 1651.77, 1395.40, 2028.80, 1082.20, 1459.29, 1700.31, 828.70, 1873.97, 1911.43, 964.64, 1338.92, 1137.67, 1837.76, 741.46, 1439.45, 1902.52, 1470.92, 1200.33, 1726.28, 75.33, 1513.84, 580.48, 2128.61, 1847.94, 509.62, 1692.07, 1508.44, 2593.84, 136.00, 1139.40, 1018.94, 1046.23, 2465.39, 1389.02, 864.49, 2934.25, 1480.05, 1110.30, 1331.79, 1846.73, 2378.29]
[2002.76, 2058.97, 1085.26, 1343.86, 1348.25, 947.78, 1305.12, 1563.96, 1225.98, 1233.09, 2127.12, 1083.41, 1900.29, 0.00, 1120.70, 802.51, 2346.53, 736.16, 1869.63, 953.16, 1241.62, 2350.12, 1837.11, 1684.21, 917.89, 1528.93, 1711.43, 1248.71, 2167.46, 2166.30, 440.94, 2494.16, 96.77, 1756.33, 2010.22, 1759.13, 1863.47, 1718.24, 1283.48, 970.32, 1518.68, 2007.25, 1145.86, 1402.37, 242.77, 1278.50, 1068.42, 2081.68, 2597.08, 2003.49, 1962.21, 1509.34, 1394.77, 1040.87, 1430.15, 1476.99, 643.27, 2184.48, 875.02, 1516.36, 1229.24, 1737.86, 929.89, 894.09, 205.06, 1638.87, 1635.27, 21.02, 947.25, 2468.34, 1371.45, 782.84, 1376.40, 1398.23, 1612.36, 749.21, 1017.18, 405.21, 1866.59, 615.33, 1713.28, 564.73, 1000.92, 1394.82, 727.72, 435.68, 1538.65, 1764.82, 2263.83, 2316.52, 1054.74, 1769.61, 1518.13, 2357.22, 1554.65, 488.00, 2655.98, 2644.62, 392.79, 2058.25]
[1022.78, 1921.13, 1096.86, 775.65, 1286.22, 1101.64, 1382.93, 949.87, 1571.14, 1714.43, 1386.17, 1974.07, 816.87, 1120.70, 0.00, 413.83, 1550.91, 1081.56, 1737.65, 1416.78, 1917.25, 1923.47, 1313.87, 632.40, 1392.39, 1864.11, 678.85, 2088.40, 2078.26, 1919.32, 1139.13, 1577.21, 1199.32, 928.64, 1660.71, 1779.02, 1662.76, 996.80, 337.29, 1079.79, 414.77, 1526.35, 549.74, 917.59, 1240.03, 786.50, 1845.98, 2046.94, 1874.34, 1059.83, 1751.41, 864.08, 1150.49, 301.01, 1690.37, 2133.76, 1291.39, 1968.82, 929.61, 1110.32, 1121.34, 1487.78, 275.51, 693.90, 933.20, 972.25, 1692.25, 1134.69, 334.59, 1801.00, 626.32, 1287.15, 322.57, 1253.99, 1701.30, 920.54, 463.16, 1042.73, 769.76, 897.31, 879.19, 1312.22, 1098.36, 317.06, 895.34, 703.86, 1868.01, 688.87, 1575.01, 1542.54, 301.42, 1828.54, 912.54, 1488.81, 2156.87, 669.35, 1782.75, 1893.64, 1160.30, 1865.57]
[1432.64, 1673.67, 748.18, 642.65, 978.36, 719.81, 1472.18, 1257.19, 1185.97, 1315.58, 1751.18, 1563.57, 1226.85, 802.51, 413.83, 0.00, 1932.52, 672.17, 1480.75, 1011.35, 1505.87, 2212.09, 1611.62, 1046.17, 985.30, 1490.78, 1091.78, 1675.07, 2263.17, 1711.26, 962.53, 1982.47, 893.50, 1303.70, 1483.67, 1914.82, 1426.82, 1342.96, 482.13, 704.87, 823.05, 1819.43, 397.66, 752.49, 976.97, 1029.81, 1432.19, 1770.25, 2243.63, 1464.64, 1523.23, 1176.02, 895.91, 238.55, 1325.06, 1725.28, 1158.28, 2192.09, 547.61, 924.18, 1253.84, 1261.34, 146.99, 338.89, 652.42, 1299.21, 1810.52, 820.29, 501.97, 2155.31, 601.82, 1206.44, 587.89, 1414.19, 1808.69, 899.47, 251.96, 863.88, 1175.74, 818.42, 1254.19, 903.00, 728.15, 730.82, 488.97, 367.92, 1495.84, 1101.24, 1930.51, 1918.97, 252.35, 1516.60, 817.91, 1884.98, 1753.07, 314.68, 2182.48, 2269.77, 963.32, 1635.38]
[635.65, 3405.51, 2647.73, 2254.58, 2826.89, 2647.08, 1479.88, 788.68, 3116.13, 3247.33, 231.49, 3390.33, 1000.35, 2346.53, 1550.91, 1932.52, 0.00, 2597.74, 3236.23, 2939.56, 3415.91, 822.00, 648.02, 1009.01, 2911.60, 3413.94, 947.19, 3533.22, 1415.28, 3362.71, 2071.32, 339.71, 2379.55, 629.03, 3083.69, 1460.75, 3145.86, 628.72, 1772.00, 2627.59, 1255.01, 656.23, 2074.59, 2398.14, 2317.16, 1073.20, 3308.54, 3554.30, 344.65, 553.48, 3223.50, 837.33, 2669.53, 1848.74, 3241.15, 3643.94, 2055.56, 1177.97, 2474.13, 2586.07, 1302.14, 2970.59, 1816.04, 2242.96, 2146.71, 708.99, 1489.20, 2349.28, 1475.84, 358.42, 2061.68, 1925.69, 1639.50, 1218.96, 1533.82, 1666.56, 2011.22, 2025.32, 1073.59, 1775.89, 678.43, 2748.59, 2647.43, 1267.62, 2419.72, 2076.30, 3418.07, 1029.85, 243.65, 55.01, 1847.03, 3363.81, 2337.72, 185.40, 3680.20, 2074.79, 347.25, 346.00, 2125.96, 3334.98]
[2103.72, 1322.88, 370.79, 822.87, 619.89, 219.15, 1908.58, 1889.22, 559.05, 653.65, 2408.76, 952.49, 1879.85, 736.16, 1081.56, 672.17, 2597.74, 0.00, 1134.24, 341.99, 836.14, 2809.08, 2227.86, 1712.18, 314.01, 877.24, 1760.20, 1034.76, 2758.60, 1435.14, 1136.33, 2654.63, 820.98, 1968.92, 1298.88, 2371.53, 1133.24, 1994.65, 1031.78, 250.00, 1478.35, 2427.45, 744.73, 816.43, 978.84, 1633.76, 785.60, 1349.72, 2901.14, 2136.80, 1230.97, 1813.13, 706.78, 828.05, 740.22, 1053.13, 1353.14, 2728.98, 237.55, 867.89, 1753.70, 1019.43, 806.24, 440.71, 761.71, 1941.40, 2253.76, 756.07, 1132.89, 2803.76, 946.36, 1469.60, 1174.25, 1926.13, 2239.94, 1301.30, 696.51, 1065.91, 1822.75, 1175.78, 1919.72, 366.00, 277.60, 1397.70, 187.78, 598.08, 884.67, 1760.11, 2581.30, 2581.71, 836.64, 1043.12, 963.88, 2555.83, 1082.78, 569.55, 2854.02, 2931.17, 1101.62, 1324.21]
[2630.07, 195.27, 798.31, 982.43, 530.84, 922.87, 2937.10, 2686.18, 804.52, 967.97, 3100.35, 1655.74, 2299.70, 1869.63, 1737.65, 1480.75, 3236.23, 1134.24, 0.00, 1029.07, 1277.16, 3658.91, 3049.80, 2231.02, 1054.50, 740.62, 2292.10, 1605.24, 3743.79, 319.71, 2251.20, 3179.21, 1955.22, 2642.41, 362.43, 3388.96, 118.41, 2730.02, 1466.67, 903.97, 1981.61, 3261.92, 1187.91, 838.26, 2112.39, 2493.30, 1426.58, 319.90, 3574.66, 2696.02, 141.57, 2600.73, 590.89, 1443.82, 641.95, 1308.12, 2469.44, 3669.49, 1028.53, 651.03, 2732.57, 271.75, 1528.67, 1151.14, 1871.02, 2709.74, 3280.46, 1889.75, 1967.80, 3520.25, 1175.10, 2570.62, 1596.78, 2894.67, 3274.84, 2338.92, 1291.25, 2171.14, 2225.70, 2230.73, 2594.60, 1416.31, 872.79, 1976.58, 1170.64, 1639.79, 731.82, 2227.86, 3295.72, 3237.73, 1440.46, 307.04, 910.76, 3137.23, 1227.78, 1589.63, 3405.03, 3582.01, 2222.51, 194.99]
[2439.55, 1196.74, 479.13, 1042.35, 612.01, 363.76, 2205.27, 2229.01, 275.05, 314.64, 2750.69, 729.97, 2204.22, 953.16, 1416.78, 1011.35, 2939.56, 341.99, 1029.07, 0.00, 515.00, 3140.67, 2564.61, 2044.32, 35.47, 577.70, 2093.92, 765.31, 3063.41, 1347.85, 1386.21, 2992.70, 1019.63, 2310.67, 1278.05, 2668.04, 1063.65, 2336.35, 1335.96, 401.81, 1805.82, 2762.24, 1027.33, 992.59, 1184.26, 1970.33, 521.12, 1174.28, 3243.03, 2474.85, 1151.42, 2153.64, 785.05, 1150.76, 483.05, 718.37, 1595.34, 3045.70, 508.69, 978.63, 2068.82, 998.44, 1141.36, 746.43, 1033.30, 2282.31, 2547.60, 970.01, 1474.21, 3144.89, 1201.40, 1727.85, 1483.01, 2242.10, 2530.40, 1603.71, 1007.00, 1329.89, 2144.46, 1473.05, 2261.43, 412.62, 404.43, 1731.25, 522.55, 921.08, 587.01, 2088.00, 2922.74, 2923.67, 1158.00, 853.82, 1147.75, 2896.20, 741.76, 900.08, 3193.83, 3273.16, 1342.97, 1223.80]
[2938.50, 1395.19, 971.52, 1543.00, 1025.15, 875.42, 2546.10, 2680.32, 523.05, 323.54, 3218.51, 410.10, 2714.23, 1241.62, 1917.25, 1505.87, 3415.91, 836.14, 1277.16, 515.00, 0.00, 3554.47, 3000.07, 2548.30, 532.60, 565.89, 2596.06, 328.10, 3408.89, 1584.70, 1678.09, 3486.86, 1275.93, 2789.36, 1599.13, 3000.66, 1351.03, 2801.34, 1850.67, 911.56, 2313.76, 3189.08, 1541.97, 1477.45, 1429.89, 2409.68, 217.55, 1298.05, 3708.53, 2969.40, 1417.00, 2609.53, 1231.19, 1660.78, 636.18, 237.36, 1863.30, 3419.00, 1023.45, 1429.77, 2450.21, 1345.06, 1642.16, 1259.80, 1382.52, 2740.22, 2876.66, 1252.35, 1940.73, 3601.23, 1710.75, 2014.88, 1997.32, 2622.61, 2853.03, 1970.58, 1520.40, 1646.38, 2655.76, 1835.39, 2740.73, 698.17, 909.72, 2233.69, 1023.50, 1351.91, 577.10, 2595.74, 3382.67, 3396.73, 1668.61, 1007.63, 1631.53, 3383.03, 317.06, 1345.20, 3682.64, 3743.29, 1625.23, 1455.01]
[1326.70, 3844.07, 2960.09, 2696.23, 3184.33, 2917.01, 1138.28, 973.61, 3364.37, 3455.05, 744.01, 3433.31, 1666.90, 2350.12, 1923.47, 2212.09, 822.00, 2809.08, 3658.91, 3140.67, 3554.47, 0.00, 609.61, 1580.65, 3107.98, 3679.98, 1523.83, 3598.21, 658.37, 3840.11, 1966.95, 1156.23, 2349.89, 1098.76, 3575.54, 875.36, 3586.12, 962.42, 2224.23, 2908.20, 1776.31, 397.13, 2472.21, 2839.62, 2238.39, 1183.70, 3405.45, 3964.08, 677.21, 1233.40, 3674.82, 1059.48, 3069.07, 2215.11, 3524.98, 3791.45, 1865.80, 417.58, 2750.20, 3032.70, 1123.42, 3411.24, 2137.34, 2550.25, 2180.10, 959.55, 961.05, 2345.51, 1710.13, 522.40, 2528.81, 1706.59, 2124.03, 961.34, 1008.56, 1600.95, 2369.75, 1959.96, 1728.81, 1734.97, 1136.18, 2856.79, 2933.92, 1729.36, 2657.04, 2220.34, 3686.39, 1642.33, 586.94, 771.99, 2218.47, 3726.30, 2818.54, 1005.62, 3850.99, 2241.10, 1073.81, 758.52, 2026.08, 3788.97]
[854.28, 3234.62, 2359.58, 2086.88, 2579.00, 2323.50, 833.07, 364.01, 2777.93, 2879.14, 429.12, 2914.38, 1142.46, 1837.11, 1313.87, 1611.62, 648.02, 2227.86, 3049.80, 2564.61, 3000.07, 609.61, 0.00, 1015.00, 2532.97, 3091.06, 963.84, 3071.30, 931.17, 3230.91, 1502.72, 946.68, 1852.68, 543.64, 2967.29, 853.98, 2976.56, 381.85, 1616.68, 2312.64, 1186.23, 212.55, 1862.75, 2230.14, 1764.83, 594.28, 2864.85, 3355.86, 789.11, 768.96, 3065.21, 449.89, 2460.32, 1606.18, 2931.81, 3235.41, 1452.97, 740.69, 2154.49, 2423.20, 679.98, 2801.65, 1531.14, 1948.29, 1651.04, 356.60, 861.11, 1835.82, 1110.57, 641.25, 1921.12, 1311.03, 1520.69, 575.54, 902.97, 1105.41, 1761.71, 1473.90, 1193.81, 1230.51, 569.59, 2307.52, 2337.45, 1128.13, 2068.41, 1651.28, 3097.02, 1090.50, 467.55, 597.92, 1609.35, 3121.76, 2210.97, 767.30, 3287.82, 1665.76, 994.68, 851.53, 1560.47, 3179.37]
[406.98, 2397.81, 1691.29, 1252.39, 1844.15, 1716.64, 1465.63, 712.90, 2183.06, 2336.21, 902.20, 2602.18, 228.74, 1684.21, 632.40, 1046.17, 1009.01, 1712.18, 2231.02, 2044.32, 2548.30, 1580.65, 1015.00, 0.00, 2021.07, 2463.56, 61.98, 2719.79, 1924.29, 2353.90, 1581.60, 967.29, 1749.12, 482.12, 2075.45, 1736.08, 2138.57, 633.24, 776.41, 1691.02, 253.02, 1209.14, 1092.91, 1394.46, 1751.54, 765.48, 2478.10, 2550.04, 1351.56, 465.43, 2215.08, 646.88, 1673.95, 899.01, 2284.86, 2762.45, 1672.45, 1752.76, 1547.62, 1580.08, 1186.90, 1963.77, 906.37, 1307.56, 1482.46, 673.77, 1687.62, 1694.60, 742.13, 1317.78, 1056.01, 1610.51, 636.26, 1244.48, 1713.28, 1242.59, 1055.22, 1499.18, 228.56, 1285.23, 447.77, 1940.15, 1706.36, 315.35, 1525.11, 1303.62, 2466.40, 101.12, 1102.05, 1015.49, 893.76, 2372.41, 1329.00, 907.27, 2781.57, 1279.34, 1185.15, 1353.48, 1619.45, 2326.29]
[2415.12, 1224.22, 478.24, 1035.85, 625.72, 354.46, 2170.20, 2198.40, 309.54, 347.07, 2721.74, 727.71, 2183.10, 917.89, 1392.39, 985.30, 2911.60, 314.01, 1054.50, 35.47, 532.60, 3107.98, 2532.97, 2021.07, 0.00, 613.17, 2070.18, 771.42, 3028.55, 1372.69, 1350.76, 2967.39, 984.74, 2282.84, 1297.15, 2632.92, 1086.27, 2306.99, 1318.41, 393.69, 1783.80, 2730.14, 1012.58, 990.84, 1149.36, 1938.73, 524.69, 1205.12, 3213.94, 2449.52, 1175.16, 2123.38, 792.14, 1129.44, 517.03, 741.48, 1559.98, 3011.48, 491.63, 983.81, 2034.61, 1016.53, 1116.88, 727.20, 997.97, 2252.27, 2512.43, 934.80, 1444.57, 3114.94, 1190.96, 1692.39, 1464.80, 2207.91, 2495.15, 1568.93, 987.81, 1294.44, 2123.95, 1438.12, 2233.66, 379.73, 399.01, 1707.49, 497.23, 888.00, 622.47, 2065.95, 2893.06, 2895.32, 1136.98, 884.88, 1145.83, 2869.65, 768.77, 867.87, 3167.63, 3244.55, 1307.57, 1249.40]
[2869.24, 836.91, 772.30, 1287.61, 671.42, 771.00, 2777.74, 2743.63, 318.28, 322.52, 3239.93, 970.81, 2591.85, 1528.93, 1864.11, 1490.78, 3413.94, 877.24, 740.62, 577.70, 565.89, 3679.98, 3091.06, 2463.56, 613.17, 0.00, 2518.84, 888.28, 3632.61, 1033.26, 1963.72, 3429.48, 1591.71, 2787.75, 1087.92, 3240.88, 831.36, 2833.67, 1701.28, 787.30, 2213.37, 3294.28, 1377.35, 1180.38, 1756.13, 2499.20, 752.63, 732.17, 3731.69, 2916.44, 882.17, 2664.17, 886.76, 1570.91, 183.09, 567.51, 2171.91, 3606.19, 943.32, 1069.52, 2630.57, 868.95, 1598.47, 1170.98, 1609.60, 2789.04, 3121.32, 1545.25, 1983.57, 3646.03, 1483.65, 2305.50, 1850.47, 2803.17, 3105.13, 2173.07, 1410.51, 1907.42, 2524.74, 2044.38, 2738.10, 974.34, 766.59, 2163.05, 1023.22, 1475.26, 11.66, 2490.23, 3421.07, 3403.56, 1574.33, 450.00, 1319.20, 3351.19, 491.14, 1445.91, 3641.82, 3754.88, 1919.92, 904.76]
[350.41, 2459.28, 1746.56, 1312.88, 1902.43, 1769.20, 1442.31, 672.23, 2236.45, 2387.68, 840.93, 2643.19, 232.01, 1711.43, 678.85, 1091.78, 947.19, 1760.20, 2292.10, 2093.92, 2596.06, 1523.83, 963.84, 61.98, 2070.18, 2518.84, 0.00, 2763.11, 1878.40, 2415.83, 1593.55, 910.84, 1773.98, 426.52, 2137.42, 1699.70, 2199.97, 582.10, 835.53, 1744.18, 312.26, 1155.26, 1150.43, 1455.21, 1770.99, 745.52, 2522.51, 2611.00, 1289.62, 405.19, 2276.70, 610.45, 1733.68, 951.78, 2340.61, 2811.66, 1676.85, 1703.14, 1599.48, 1641.22, 1165.37, 2025.08, 953.96, 1359.86, 1508.52, 627.97, 1654.76, 1721.22, 765.59, 1256.05, 1117.02, 1609.26, 696.60, 1215.19, 1681.69, 1245.18, 1109.34, 1513.37, 251.10, 1294.02, 394.69, 1981.46, 1760.01, 362.69, 1573.57, 1338.67, 2521.81, 130.00, 1040.76, 953.52, 946.99, 2431.83, 1390.68, 847.06, 2832.32, 1316.53, 1126.99, 1291.80, 1633.08, 2387.98]
[3096.39, 1721.74, 1243.30, 1807.10, 1331.48, 1125.82, 2538.50, 2772.68, 838.60, 645.80, 3325.60, 181.03, 2900.78, 1248.71, 2088.40, 1675.07, 3533.22, 1034.76, 1605.24, 765.31, 328.10, 3598.21, 3071.30, 2719.79, 771.42, 888.28, 2763.11, 0.00, 3392.99, 1912.42, 1659.72, 3632.29, 1258.42, 2915.00, 1925.09, 2979.30, 1678.30, 2908.63, 2066.52, 1165.10, 2497.07, 3249.32, 1773.70, 1756.41, 1393.63, 2492.86, 249.80, 1618.63, 3809.19, 3118.73, 1745.01, 2708.07, 1529.38, 1857.39, 964.03, 399.06, 1820.30, 3426.45, 1251.74, 1727.27, 2477.95, 1667.36, 1818.66, 1474.86, 1421.91, 2839.54, 2854.25, 1254.37, 2062.85, 3691.03, 1960.54, 1980.00, 2208.31, 2646.54, 2826.00, 1997.70, 1731.11, 1647.19, 2847.16, 1863.30, 2867.72, 787.42, 1169.45, 2404.75, 1219.10, 1457.92, 899.17, 2776.26, 3478.44, 3509.55, 1866.85, 1333.92, 1911.57, 3516.44, 517.22, 1464.42, 3817.65, 3849.93, 1602.64, 1782.78]
[1783.05, 3936.84, 2982.65, 2840.37, 3232.78, 2907.41, 863.20, 1216.55, 3314.88, 3368.87, 1269.72, 3217.24, 2069.70, 2167.46, 2078.26, 2263.17, 1415.28, 2758.60, 3743.79, 3063.41, 3408.89, 658.37, 931.17, 1924.29, 3028.55, 3632.61, 1878.40, 3392.99, 0.00, 3967.21, 1736.24, 1754.61, 2140.47, 1470.20, 3723.67, 414.93, 3688.67, 1302.17, 2410.52, 2907.79, 2059.95, 790.89, 2595.19, 2975.47, 1999.40, 1293.54, 3232.84, 4028.29, 1330.37, 1695.37, 3784.02, 1292.51, 3158.09, 2334.37, 3498.02, 3644.46, 1576.20, 243.74, 2755.70, 3163.10, 1014.30, 3520.47, 2228.76, 2594.70, 2037.89, 1250.70, 539.80, 2157.34, 1789.79, 1167.88, 2704.46, 1414.38, 2344.51, 849.17, 572.05, 1459.91, 2469.30, 1762.51, 2117.33, 1590.56, 1490.59, 2720.70, 2936.82, 1975.15, 2637.51, 2162.91, 3640.66, 2007.64, 1171.88, 1360.91, 2341.42, 3757.55, 2988.59, 1586.45, 3720.57, 2199.38, 1708.12, 1412.09, 1792.03, 3896.91]
[2740.50, 206.53, 1083.25, 1144.16, 818.07, 1219.12, 3181.61, 2867.24, 1123.35, 1281.70, 3244.16, 1970.07, 2393.77, 2166.30, 1919.32, 1711.26, 3362.71, 1435.14, 319.71, 1347.85, 1584.70, 3840.11, 3230.91, 2353.90, 1372.69, 1033.26, 2415.83, 1912.42, 3967.21, 0.00, 2533.58, 3275.21, 2254.30, 2791.63, 283.21, 3625.99, 302.95, 2893.55, 1619.41, 1196.05, 2112.53, 3443.43, 1377.41, 1001.76, 2408.63, 2695.33, 1741.48, 392.45, 3705.44, 2813.30, 204.20, 2781.23, 819.43, 1639.01, 953.89, 1597.15, 2751.36, 3878.73, 1306.80, 809.46, 2963.69, 451.07, 1738.77, 1397.13, 2154.01, 2882.59, 3521.53, 2186.75, 2178.94, 3664.11, 1316.00, 2844.74, 1734.30, 3120.61, 3518.84, 2592.97, 1498.17, 2449.84, 2318.56, 2491.51, 2745.47, 1730.53, 1165.39, 2126.52, 1452.90, 1908.35, 1023.41, 2337.63, 3442.45, 3369.08, 1633.45, 583.49, 1029.64, 3249.82, 1508.27, 1855.09, 3503.99, 3706.22, 2508.14, 129.76]
[1831.61, 2444.40, 1453.61, 1589.42, 1721.32, 1332.63, 878.79, 1284.55, 1655.89, 1672.53, 1842.83, 1486.49, 1809.49, 440.94, 1139.13, 962.53, 2071.32, 1136.33, 2251.20, 1386.21, 1678.09, 1966.95, 1502.72, 1581.60, 1350.76, 1963.72, 1593.55, 1659.72, 1736.24, 2533.58, 0.00, 2265.26, 404.32, 1533.27, 2351.14, 1324.80, 2231.69, 1458.36, 1394.78, 1348.14, 1475.21, 1650.78, 1356.08, 1677.53, 271.90, 1005.94, 1497.14, 2484.53, 2285.84, 1812.78, 2331.42, 1248.11, 1731.24, 1175.81, 1856.56, 1911.91, 218.25, 1768.00, 1226.84, 1821.29, 847.17, 2091.31, 1044.86, 1174.87, 380.20, 1368.27, 1200.22, 427.79, 860.57, 2143.74, 1564.14, 342.49, 1446.68, 1005.65, 1175.35, 404.80, 1212.04, 99.46, 1792.46, 307.03, 1497.21, 1005.49, 1379.38, 1340.43, 1081.59, 643.21, 1973.14, 1675.11, 1954.59, 2034.49, 1189.40, 2179.43, 1767.44, 2111.45, 1992.71, 702.25, 2400.77, 2341.51, 59.14, 2433.56]
[560.51, 3337.75, 2657.25, 2210.19, 2810.35, 2676.42, 1761.37, 994.04, 3144.89, 3291.63, 519.17, 3500.22, 882.01, 2494.16, 1577.21, 1982.47, 339.71, 2654.63, 3179.21, 2992.70, 3486.86, 1156.23, 946.68, 967.29, 2967.39, 3429.48, 910.84, 3632.29, 1754.61, 3275.21, 2265.26, 0.00, 2538.21, 738.94, 2992.67, 1784.64, 3081.27, 811.68, 1741.74, 2652.52, 1219.69, 987.00, 2060.10, 2349.43, 2494.74, 1260.71, 3398.33, 3499.10, 574.31, 517.87, 3151.87, 1018.72, 2635.57, 1860.50, 3251.43, 3707.74, 2276.59, 1517.67, 2505.44, 2529.57, 1555.44, 2908.91, 1851.94, 2267.11, 2290.00, 906.50, 1804.46, 2499.50, 1573.99, 660.37, 2010.09, 2159.55, 1597.96, 1496.38, 1847.57, 1865.31, 2019.39, 2208.04, 957.01, 1961.05, 780.95, 2845.00, 2669.11, 1268.08, 2470.28, 2179.10, 3432.52, 953.96, 583.35, 393.75, 1856.28, 3334.79, 2269.23, 179.45, 3733.66, 2168.43, 229.84, 527.28, 2316.56, 3260.25]
[2057.09, 2143.41, 1175.24, 1440.58, 1436.61, 1035.19, 1281.62, 1593.21, 1294.10, 1289.32, 2157.32, 1087.59, 1967.95, 96.77, 1199.32, 893.50, 2379.55, 820.98, 1955.22, 1019.63, 1275.93, 2349.89, 1852.68, 1749.12, 984.74, 1591.71, 1773.98, 1258.42, 2140.47, 2254.30, 404.32, 2538.21, 0.00, 1799.35, 2102.16, 1729.09, 1951.69, 1752.91, 1373.12, 1059.08, 1591.68, 2016.27, 1241.53, 1498.96, 164.64, 1307.48, 1092.88, 2161.23, 2621.12, 2054.07, 2050.12, 1542.61, 1488.04, 1131.38, 1500.20, 1508.76, 590.11, 2168.06, 968.09, 1611.80, 1226.53, 1828.57, 1017.81, 990.84, 268.34, 1670.64, 1604.47, 76.30, 1008.39, 2488.31, 1466.76, 738.99, 1462.55, 1392.18, 1579.20, 752.40, 1111.79, 390.49, 1936.66, 622.69, 1757.56, 619.38, 1089.42, 1465.53, 821.25, 525.68, 1601.71, 1832.12, 2287.78, 2347.77, 1145.30, 1847.17, 1614.90, 2397.23, 1591.54, 579.83, 2694.43, 2670.99, 349.76, 2144.88]
[360.01, 2818.26, 2024.43, 1661.10, 2212.48, 2019.50, 1154.89, 325.19, 2488.14, 2618.31, 459.18, 2776.73, 599.65, 1756.33, 928.64, 1303.70, 629.03, 1968.92, 2642.41, 2310.67, 2789.36, 1098.76, 543.64, 482.12, 2282.84, 2787.75, 426.52, 2915.00, 1470.20, 2791.63, 1533.27, 738.94, 1799.35, 0.00, 2518.28, 1333.30, 2558.03, 170.70, 1177.05, 2000.76, 687.76, 729.32, 1464.63, 1805.89, 1757.19, 539.94, 2686.72, 2957.54, 945.74, 302.96, 2640.43, 309.97, 2065.04, 1228.88, 2616.33, 3016.35, 1561.23, 1284.28, 1846.52, 1997.31, 902.12, 2381.97, 1189.28, 1617.17, 1552.66, 248.82, 1307.11, 1761.32, 852.56, 878.04, 1476.89, 1457.93, 1057.44, 900.11, 1340.36, 1138.82, 1391.42, 1472.33, 650.19, 1227.23, 49.65, 2128.35, 2021.17, 666.69, 1790.70, 1457.17, 2792.09, 549.71, 653.32, 615.90, 1228.19, 2753.00, 1762.02, 603.68, 3051.53, 1452.19, 904.67, 967.18, 1583.03, 2753.53]
[2459.64, 402.85, 930.42, 886.05, 686.13, 1079.82, 2955.32, 2604.42, 1096.03, 1279.69, 2968.77, 1957.15, 2111.51, 2010.22, 1660.71, 1483.67, 3083.69, 1298.88, 362.43, 1278.05, 1599.13, 3575.54, 2967.29, 2075.45, 1297.15, 1087.92, 2137.42, 1925.09, 3723.67, 283.21, 2351.14, 2992.67, 2102.16, 2518.28, 0.00, 3392.55, 257.16, 2624.25, 1351.56, 1050.07, 1836.24, 3179.58, 1128.48, 748.29, 2249.61, 2442.75, 1728.02, 603.53, 3426.92, 2533.31, 236.38, 2518.40, 620.18, 1389.55, 966.10, 1652.64, 2566.94, 3627.04, 1136.03, 561.93, 2727.92, 282.72, 1496.83, 1187.97, 1975.51, 2616.54, 3291.44, 2031.09, 1933.96, 3388.31, 1047.03, 2649.62, 1461.07, 2880.73, 3291.10, 2377.67, 1257.38, 2262.94, 2036.26, 2283.44, 2472.66, 1626.51, 1021.46, 1855.09, 1283.87, 1713.90, 1080.05, 2057.12, 3167.54, 3090.93, 1382.88, 668.64, 757.94, 2968.86, 1578.66, 1657.79, 3221.58, 3426.60, 2330.61, 303.25]
[1681.05, 3583.41, 2613.92, 2518.09, 2869.89, 2529.88, 463.19, 1030.09, 2924.22, 2970.23, 1267.46, 2803.14, 1913.42, 1759.13, 1779.02, 1914.82, 1460.75, 2371.53, 3388.96, 2668.04, 3000.66, 875.36, 853.98, 1736.08, 2632.92, 3240.88, 1699.70, 2979.30, 414.93, 3625.99, 1324.80, 1784.64, 1729.09, 1333.30, 3392.55, 0.00, 3340.48, 1163.88, 2116.11, 2532.88, 1828.90, 806.44, 2268.34, 2647.68, 1586.00, 1020.93, 2821.94, 3664.81, 1473.39, 1603.45, 3437.50, 1089.54, 2809.89, 2011.60, 3111.73, 3235.54, 1161.42, 516.44, 2384.14, 2830.64, 665.30, 3176.13, 1897.01, 2237.91, 1637.38, 1088.79, 125.06, 1748.34, 1467.73, 1302.71, 2398.44, 999.88, 2068.84, 526.16, 158.93, 1070.44, 2135.36, 1355.21, 1949.16, 1196.70, 1340.50, 2316.24, 2562.61, 1726.60, 2259.92, 1780.99, 3249.26, 1829.12, 1232.71, 1406.28, 2020.06, 3385.52, 2675.17, 1606.27, 3313.61, 1821.35, 1791.63, 1552.60, 1379.91, 3549.11]
[2535.00, 260.23, 780.39, 897.15, 515.22, 916.60, 2892.44, 2612.59, 859.27, 1035.01, 3014.79, 1718.59, 2200.39, 1863.47, 1662.76, 1426.82, 3145.86, 1133.24, 118.41, 1063.65, 1351.03, 3586.12, 2976.56, 2138.57, 1086.27, 831.36, 2199.97, 1678.30, 3688.67, 302.95, 2231.69, 3081.27, 1951.69, 2558.03, 257.16, 3340.48, 0.00, 2650.32, 1380.99, 893.17, 1890.88, 3188.99, 1114.16, 752.31, 2105.74, 2427.75, 1489.03, 424.01, 3485.71, 2602.74, 99.76, 2526.83, 530.91, 1373.41, 715.44, 1397.06, 2449.62, 3607.90, 1004.87, 560.90, 2680.65, 176.08, 1464.95, 1104.97, 1851.91, 2633.21, 3234.08, 1883.93, 1905.49, 3435.02, 1084.50, 2544.74, 1506.95, 2840.29, 3230.06, 2299.44, 1225.34, 2148.62, 2126.02, 2195.41, 2510.67, 1435.73, 862.55, 1891.40, 1150.54, 1609.30, 823.34, 2132.08, 3211.19, 3148.70, 1369.14, 415.10, 812.27, 3043.19, 1321.80, 1556.90, 3307.93, 3491.28, 2205.76, 208.63]
[521.07, 2910.06, 2080.08, 1754.12, 2281.70, 2062.77, 1004.84, 185.22, 2527.97, 2647.76, 417.61, 2763.61, 767.87, 1718.24, 996.80, 1342.96, 628.72, 1994.65, 2730.02, 2336.35, 2801.34, 962.42, 381.85, 633.24, 2306.99, 2833.67, 582.10, 2908.63, 1302.17, 2893.55, 1458.36, 811.68, 1752.91, 170.70, 2624.25, 1163.88, 2650.32, 0.00, 1274.15, 2047.02, 814.14, 578.95, 1544.01, 1898.75, 1696.22, 452.55, 2686.97, 3041.86, 907.58, 452.00, 2735.63, 211.19, 2145.93, 1297.06, 2666.44, 3032.00, 1464.97, 1121.28, 1890.37, 2091.54, 765.14, 2474.40, 1241.44, 1668.82, 1518.05, 97.31, 1140.60, 1721.25, 862.70, 812.35, 1577.88, 1350.25, 1165.88, 744.89, 1174.95, 1055.93, 1457.93, 1406.08, 815.50, 1157.21, 188.83, 2126.24, 2069.27, 770.48, 1822.39, 1454.47, 2838.65, 709.30, 587.75, 601.51, 1298.09, 2824.65, 1866.32, 653.18, 3073.42, 1456.55, 944.23, 942.70, 1511.09, 2849.38]
[1182.69, 1641.22, 933.31, 484.38, 1068.65, 983.76, 1718.38, 1254.90, 1436.23, 1605.06, 1634.06, 1977.05, 890.60, 1283.48, 337.29, 482.13, 1772.00, 1031.78, 1466.67, 1335.96, 1850.67, 2224.23, 1616.68, 776.41, 1318.41, 1701.28, 835.53, 2066.52, 2410.52, 1619.41, 1394.78, 1741.74, 1373.12, 1177.05, 1351.56, 2116.11, 1380.99, 1274.15, 0.00, 952.52, 523.44, 1828.71, 324.08, 629.02, 1446.58, 1117.04, 1817.34, 1783.43, 2108.67, 1240.52, 1463.74, 1169.03, 898.75, 244.01, 1520.17, 2048.16, 1569.22, 2293.71, 827.27, 820.27, 1458.48, 1204.94, 358.11, 592.99, 1123.60, 1265.01, 2029.51, 1300.85, 664.21, 2054.19, 304.59, 1585.01, 149.82, 1590.81, 2038.33, 1230.99, 335.67, 1295.53, 824.16, 1188.84, 1129.79, 1333.24, 962.68, 510.42, 848.56, 847.87, 1703.31, 791.81, 1830.20, 1771.95, 230.50, 1596.34, 594.34, 1682.16, 2053.15, 796.45, 1961.39, 2118.00, 1405.83, 1577.08]
[2093.77, 1096.45, 120.81, 642.29, 377.97, 40.80, 2072.94, 1961.04, 492.38, 652.57, 2452.63, 1114.85, 1835.42, 970.32, 1079.79, 704.87, 2627.59, 250.00, 903.97, 401.81, 911.56, 2908.20, 2312.64, 1691.02, 393.69, 787.30, 1744.18, 1165.10, 2907.79, 1196.05, 1348.14, 2652.52, 1059.08, 2000.76, 1050.07, 2532.88, 893.17, 2047.02, 952.52, 0.00, 1444.91, 2518.47, 635.00, 605.02, 1212.58, 1724.61, 918.06, 1143.45, 2944.40, 2136.91, 992.03, 1880.47, 458.91, 792.42, 620.26, 1097.85, 1566.36, 2860.47, 158.15, 629.01, 1894.59, 772.01, 811.61, 386.00, 968.23, 2004.07, 2418.81, 990.82, 1202.33, 2859.31, 800.04, 1671.81, 1101.73, 2063.99, 2408.71, 1466.10, 636.73, 1270.09, 1772.25, 1348.87, 1951.11, 602.10, 31.24, 1384.45, 274.65, 754.92, 791.96, 1725.64, 2634.16, 2616.64, 797.30, 853.00, 758.72, 2568.51, 1100.69, 711.70, 2861.45, 2967.93, 1318.65, 1089.61]
[659.76, 2150.59, 1441.37, 1001.20, 1591.19, 1471.74, 1505.23, 847.32, 1936.12, 2093.10, 1132.71, 2386.42, 403.83, 1518.68, 414.77, 823.05, 1255.01, 1478.35, 1981.61, 1805.82, 2313.76, 1776.31, 1186.23, 253.02, 1783.80, 2213.37, 312.26, 2497.07, 2059.95, 2112.53, 1475.21, 1219.69, 1591.68, 687.76, 1836.24, 1828.90, 1890.88, 814.14, 523.44, 1444.91, 0.00, 1391.23, 840.46, 1144.00, 1614.25, 814.14, 2252.66, 2300.14, 1595.26, 717.43, 1969.09, 768.08, 1421.42, 655.73, 2034.06, 2524.14, 1594.56, 1908.17, 1304.52, 1331.14, 1224.97, 1715.58, 678.42, 1063.93, 1323.38, 830.82, 1765.25, 1531.19, 614.64, 1552.07, 806.72, 1556.23, 385.00, 1313.81, 1785.04, 1180.03, 808.19, 1385.23, 355.03, 1196.65, 644.94, 1725.15, 1459.25, 135.62, 1290.62, 1113.89, 2216.03, 282.18, 1331.82, 1258.32, 649.35, 2119.62, 1084.34, 1159.27, 2539.75, 1082.31, 1438.16, 1600.58, 1505.96, 2080.98]
[1005.34, 3446.96, 2567.61, 2299.42, 2789.24, 2528.44, 901.05, 576.52, 2980.01, 3076.87, 482.20, 3089.04, 1319.43, 2007.25, 1526.35, 1819.43, 656.23, 2427.45, 3261.92, 2762.24, 3189.08, 397.13, 212.55, 1209.14, 2730.14, 3294.28, 1155.26, 3249.32, 790.89, 3443.43, 1650.78, 987.00, 2016.27, 729.32, 3179.58, 806.44, 3188.99, 578.95, 1828.71, 2518.47, 1391.23, 0.00, 2075.09, 2442.69, 1918.23, 795.08, 3048.16, 3567.51, 697.99, 914.78, 3277.72, 662.43, 2672.23, 1818.18, 3136.78, 3425.24, 1579.01, 574.41, 2360.34, 2635.75, 807.09, 3014.12, 1741.68, 2156.89, 1827.41, 565.88, 844.28, 2004.57, 1317.66, 532.08, 2133.21, 1428.34, 1731.20, 669.72, 890.57, 1264.11, 1973.22, 1631.08, 1375.57, 1394.19, 761.37, 2493.75, 2543.69, 1337.66, 2271.11, 1845.00, 3300.43, 1278.96, 426.64, 601.41, 1821.46, 3331.68, 2423.04, 811.63, 3480.56, 1862.27, 985.46, 771.58, 1709.47, 3391.88]
[1499.88, 1371.87, 609.58, 251.83, 753.28, 668.43, 1839.79, 1498.88, 1113.68, 1286.10, 1923.82, 1697.22, 1214.63, 1145.86, 549.74, 397.66, 2074.59, 744.73, 1187.91, 1027.33, 1541.97, 2472.21, 1862.75, 1092.91, 1012.58, 1377.35, 1150.43, 1773.70, 2595.19, 1377.41, 1356.08, 2060.10, 1241.53, 1464.63, 1128.48, 2268.34, 1114.16, 1544.01, 324.08, 635.00, 840.46, 2075.09, 0.00, 380.38, 1345.96, 1317.92, 1523.90, 1497.95, 2406.35, 1553.57, 1204.20, 1413.26, 601.97, 261.71, 1196.49, 1732.83, 1555.01, 2501.52, 522.54, 568.90, 1603.06, 939.89, 372.01, 309.48, 1025.25, 1521.89, 2170.39, 1165.56, 805.55, 2341.87, 227.32, 1603.68, 473.66, 1753.21, 2172.55, 1287.67, 145.77, 1258.18, 1148.17, 1213.62, 1415.92, 1077.13, 642.92, 807.09, 573.85, 732.99, 1379.46, 1113.94, 2116.29, 2071.08, 256.08, 1289.56, 422.23, 1993.76, 1733.75, 673.46, 2277.39, 2420.08, 1353.39, 1318.35]
[1796.08, 1012.47, 513.47, 144.84, 509.22, 645.83, 2215.82, 1866.26, 980.61, 1177.71, 2263.07, 1717.51, 1475.55, 1402.37, 917.59, 752.49, 2398.14, 816.43, 838.26, 992.59, 1477.45, 2839.62, 2230.14, 1394.46, 990.84, 1180.38, 1455.21, 1756.41, 2975.47, 1001.76, 1677.53, 2349.43, 1498.96, 1805.89, 748.29, 2647.68, 752.31, 1898.75, 629.02, 605.02, 1144.00, 2442.69, 380.38, 0.00, 1625.53, 1695.59, 1513.71, 1156.21, 2736.39, 1859.84, 836.93, 1780.29, 300.19, 641.26, 998.61, 1630.48, 1885.89, 2879.78, 584.49, 193.13, 1982.50, 576.23, 750.66, 510.66, 1320.03, 1883.77, 2548.62, 1423.20, 1185.93, 2683.20, 339.42, 1949.80, 759.01, 2133.48, 2549.88, 1651.94, 513.66, 1582.98, 1403.06, 1568.30, 1758.43, 1182.21, 593.87, 1139.39, 707.63, 1035.52, 1179.53, 1395.74, 2459.13, 2399.47, 634.68, 991.02, 155.18, 2301.53, 1605.94, 975.85, 2573.39, 2744.00, 1666.66, 950.80]
[2035.27, 2301.69, 1326.86, 1557.73, 1590.55, 1190.41, 1146.83, 1528.47, 1458.69, 1452.70, 2091.04, 1218.63, 1975.41, 242.77, 1240.03, 976.97, 2317.16, 978.84, 2112.39, 1184.26, 1429.89, 2238.39, 1764.83, 1751.54, 1149.36, 1756.13, 1770.99, 1393.63, 1999.40, 2408.63, 271.90, 2494.74, 164.64, 1757.19, 2249.61, 1586.00, 2105.74, 1696.22, 1446.58, 1212.58, 1614.25, 1918.23, 1345.96, 1625.53, 0.00, 1244.91, 1240.98, 2322.96, 2543.41, 2024.83, 2204.59, 1485.03, 1632.43, 1210.18, 1664.66, 1660.59, 433.54, 2037.75, 1113.62, 1747.76, 1117.28, 1978.65, 1088.47, 1114.94, 324.56, 1609.55, 1461.01, 222.77, 1010.86, 2404.70, 1567.42, 588.50, 1523.09, 1277.22, 1433.65, 659.79, 1209.92, 292.64, 1949.97, 541.60, 1718.01, 783.14, 1243.26, 1483.53, 965.85, 614.34, 1766.17, 1839.49, 2210.94, 2282.52, 1224.18, 2009.80, 1734.23, 2346.88, 1746.43, 673.05, 2640.44, 2596.83, 212.95, 2300.92]
