225
0.00 220.94 28.50 50.00 54.23 74.04 79.38 90.74 110.75 133.88 158.76 178.25 198.16 191.64 188.38 181.02 178.80 150.54 149.00 177.50 206.00 207.96 215.71 223.04 235.44 246.29 232.45 263.00 246.90 241.33 221.21 206.17 223.01 229.02 227.62 210.06 191.40 173.39 156.66 135.85 122.23 108.20 101.69 122.81 141.00 121.00 220.50 153.50 199.99 184.57 200.94 189.58 196.29 211.76 205.55 212.35 209.53 230.75 229.77 250.63 251.52 265.88 268.11 281.88 286.44 272.90 276.87 256.49 259.08 239.12 244.87 238.59 241.79 223.04 230.76 221.69 253.51 261.48 271.53 287.13 294.60 332.63 326.03 337.45 345.60 357.35 338.13 324.70 311.72 322.08 310.10 313.85 296.03 303.40 286.55 278.73 267.79 254.64 266.12 258.54 277.11 270.56 289.95 286.91 306.30 301.40 315.12 312.98 319.68 312.62 308.94 295.08 293.39 285.92 285.01 265.05 264.50 284.50 299.00 320.50 321.19 342.15 344.13 347.45 353.81 362.30 369.85 379.93 388.39 365.31 376.38 398.82 192.00 436.21 454.83 480.41 474.57 487.87 494.31 491.64 486.36 499.50 486.64 473.14 467.78 446.88 445.26 431.63 417.53 400.07 403.78 421.08 435.07 437.08 443.81 447.83 461.20 445.71 470.33 457.23 459.78 453.29 458.94 413.67 404.51 398.87 392.51 379.09 375.49 372.43 370.60 392.06 391.50 413.00 320.66 448.50 469.50 469.72 441.24 420.25 398.76 377.28 467.80 334.81 313.34 292.36 270.89 249.42 215.49 206.50 185.57 171.61 147.22 121.87 100.55 161.15 58.82 38.35 183.50 14.50 492.58 236.59 163.50 258.70 200.52 231.22 207.97 228.77 292.36 345.67 370.47 383.15 433.01 386.15 423.48 233.81 243.24 138.76 238.62 293.35 311.30 376.14 275.03 175.50 213.00
220.94 0.00 192.51 171.07 170.64 149.66 151.04 155.42 165.50 179.58 196.81 211.42 227.14 241.48 251.92 246.90 257.55 240.47 258.54 274.50 292.38 271.53 247.70 234.71 219.56 210.18 30.73 200.28 180.25 173.15 146.54 155.91 184.51 191.18 181.15 209.48 192.33 176.14 161.52 144.23 133.75 124.31 121.20 99.75 80.72 100.48 14.00 68.45 21.00 38.81 23.26 51.64 68.23 60.75 41.25 38.16 25.66 22.77 16.32 31.98 35.70 48.08 55.76 67.15 80.61 71.40 83.01 74.18 81.39 78.50 92.50 92.76 99.75 103.50 117.51 120.65 168.20 165.97 180.27 178.14 189.13 193.83 183.12 186.90 200.28 204.88 172.06 146.62 140.12 160.00 155.56 162.30 157.97 170.36 169.00 156.50 157.12 135.72 135.00 121.00 122.90 109.14 115.32 108.39 118.31 106.80 116.07 111.02 116.07 99.05 90.12 76.97 72.96 65.62 64.07 44.10 46.17 65.51 79.74 100.98 100.24 121.20 124.31 130.92 144.23 161.52 176.14 194.67 209.48 195.37 214.00 226.95 31.75 252.51 266.63 287.13 277.97 289.25 294.80 290.63 282.34 294.10 273.86 261.19 252.55 232.68 229.98 217.05 203.80 187.61 194.39 210.06 222.94 226.38 232.58 239.34 251.52 251.92 266.40 254.94 259.10 253.56 262.76 227.14 211.42 201.43 189.84 164.45 157.64 152.19 149.66 171.14 171.57 193.01 100.08 228.43 249.39 250.63 222.33 201.53 180.27 159.07 276.88 117.51 96.79 76.97 57.55 40.31 29.03 19.80 45.52 57.12 79.30 103.50 124.31 66.42 165.97 187.18 39.56 222.33 283.24 167.03 266.40 202.39 35.11 160.00 13.00 226.95 169.17 185.35 204.18 172.22 241.83 177.94 243.34 139.70 153.66 87.28 146.91 111.36 189.63 201.72 54.08 47.13 15.88
28.50 192.51 0.00 21.50 30.05 47.41 55.38 70.70 95.03 121.20 148.22 168.93 189.82 186.25 185.13 177.64 177.64 149.16 151.70 179.77 207.96 206.00 209.04 213.74 223.04 231.90 204.02 246.29 229.02 223.01 201.06 187.61 207.00 213.46 210.96 198.16 178.25 158.76 140.29 116.61 100.41 82.75 74.04 94.85 112.50 92.50 192.00 125.00 171.57 156.35 172.68 162.24 170.03 185.15 178.02 184.75 181.51 202.63 201.53 222.33 223.34 237.67 240.16 253.87 258.92 245.49 249.90 229.80 232.68 213.12 219.56 213.46 217.04 199.03 207.64 199.10 234.01 241.33 252.18 266.63 274.65 310.54 303.46 314.43 323.17 334.47 313.85 299.33 286.64 297.88 286.28 290.34 273.23 281.20 265.24 256.78 246.48 232.13 243.03 234.71 252.60 245.40 264.32 260.97 280.03 274.66 288.22 285.88 292.51 284.78 280.74 266.91 265.04 257.58 256.56 236.61 236.00 256.00 270.50 292.00 292.75 313.70 315.87 319.48 326.38 335.57 343.70 354.53 363.58 341.04 352.87 374.71 163.50 411.31 429.61 454.83 448.66 461.81 468.18 465.35 459.78 472.81 459.20 445.77 440.08 419.25 417.53 403.95 389.91 372.53 376.51 393.71 407.62 409.77 416.47 420.75 434.03 419.95 443.72 430.74 433.44 427.02 433.01 388.39 378.62 372.59 365.76 351.32 347.45 344.13 342.15 363.61 363.00 384.50 292.17 420.00 441.00 441.24 412.75 391.77 370.28 348.80 442.39 306.34 284.87 263.90 242.43 220.98 187.06 178.00 157.17 143.24 118.89 93.63 72.47 132.79 31.98 16.10 155.00 31.98 465.49 217.87 165.97 242.53 172.11 212.03 179.55 217.89 270.72 321.96 346.56 355.70 407.42 358.93 398.82 212.51 222.85 110.46 217.80 267.29 290.28 351.60 246.59 147.00 184.50
50.00 171.07 21.50 0.00 21.00 29.70 41.25 60.28 87.56 115.43 143.54 164.84 186.19 185.00 185.57 178.09 179.77 151.70 157.17 184.41 211.98 207.12 206.48 209.04 215.71 222.85 182.58 235.20 217.04 210.69 187.31 175.38 196.80 203.59 200.16 191.51 170.83 150.38 130.73 104.91 86.55 65.24 53.77 74.04 91.00 71.00 170.50 103.50 150.15 135.15 151.41 141.91 150.76 165.50 157.48 164.14 160.48 181.51 180.27 201.03 202.14 216.43 219.16 232.82 238.32 225.00 229.80 209.97 213.12 193.98 201.03 195.13 199.03 181.79 191.18 183.15 220.61 227.31 238.81 252.18 260.66 294.60 287.13 297.69 306.91 317.80 296.03 280.59 268.18 280.16 268.91 273.23 256.78 265.24 250.12 241.12 231.44 216.09 226.43 217.47 234.71 226.95 245.40 241.79 260.52 254.74 268.14 265.63 272.20 263.88 259.50 245.70 243.67 236.23 235.12 215.17 214.50 234.50 249.00 270.50 271.31 292.26 294.58 298.44 305.82 315.62 324.25 335.70 345.25 323.19 335.65 356.94 142.00 392.84 410.87 435.77 429.33 442.34 448.66 445.71 439.89 452.83 438.59 425.22 419.25 398.49 396.68 383.15 369.16 351.86 356.07 373.18 387.02 389.28 395.94 400.44 413.65 400.76 423.81 410.93 413.76 407.39 413.67 369.63 359.35 352.99 345.78 330.46 326.34 322.81 320.69 342.15 341.50 363.00 270.68 398.50 419.50 419.75 391.27 370.28 348.80 327.32 423.48 284.87 263.40 242.43 220.98 199.53 165.64 156.50 135.78 121.87 97.58 72.47 51.58 111.45 16.10 20.51 133.50 52.06 445.18 205.24 170.97 231.90 150.70 199.03 158.12 211.86 255.29 304.61 329.01 335.11 388.39 338.54 380.57 197.65 208.73 89.19 203.33 248.00 275.33 333.51 225.14 125.50 163.00
54.23 170.64 30.05 21.00 0.00 21.00 25.52 41.25 67.36 94.85 122.81 144.04 165.34 164.00 164.64 157.17 159.07 131.13 137.42 164.29 191.64 186.25 185.53 188.38 195.76 203.59 185.43 217.04 199.44 193.32 171.07 157.92 178.09 184.72 181.79 171.31 150.85 130.73 111.58 86.96 70.36 53.97 49.50 71.00 93.39 74.04 171.79 105.61 149.66 133.03 149.53 136.02 142.09 157.64 152.19 159.07 157.17 178.59 178.16 199.14 199.53 213.99 215.39 229.28 232.93 219.28 222.89 202.39 204.88 184.89 190.74 184.51 187.85 169.47 177.80 169.14 204.09 211.32 222.27 236.59 244.66 280.55 273.54 284.60 293.23 304.61 284.45 270.56 257.68 268.44 256.69 260.64 243.34 251.21 235.19 226.76 216.43 202.18 213.20 205.10 223.29 216.48 235.76 232.68 252.08 247.29 261.08 259.06 265.80 259.59 256.90 242.95 242.12 234.62 234.53 214.54 215.53 235.44 249.88 271.31 270.50 291.50 292.29 294.65 300.14 308.18 315.62 325.80 334.47 311.64 323.19 345.25 143.54 382.25 400.76 426.24 420.35 433.64 440.08 437.41 432.18 445.34 432.93 419.38 414.42 393.40 391.94 378.24 364.06 346.51 349.95 367.34 381.39 383.28 390.04 393.86 407.28 391.51 416.16 403.03 405.56 399.06 404.72 359.58 350.29 344.65 338.38 325.86 322.88 320.72 320.00 341.50 342.15 363.61 270.72 399.05 420.03 421.00 392.61 371.70 350.30 328.92 413.67 286.71 265.39 244.59 223.34 202.14 168.78 157.90 139.59 126.10 102.82 79.38 60.91 116.06 36.18 38.35 135.14 61.32 438.59 188.10 151.02 213.46 154.14 182.18 157.66 191.51 240.68 292.34 317.02 329.49 378.84 332.28 369.63 182.46 192.83 94.89 187.75 239.12 260.23 322.34 224.54 127.24 164.35
74.04 149.66 47.41 29.70 21.00 0.00 14.50 35.50 64.00 92.50 121.00 142.50 164.00 165.34 167.80 160.48 164.14 137.24 146.37 171.85 198.16 189.82 185.13 185.57 189.93 195.76 164.87 206.84 188.29 181.79 157.92 146.62 169.08 176.05 172.06 166.46 145.32 124.31 103.98 76.97 57.55 35.70 28.50 50.00 73.08 54.23 150.97 85.13 128.69 112.04 128.54 115.57 122.65 137.88 131.62 138.46 136.27 157.67 157.18 178.16 178.59 193.05 194.60 208.46 212.47 198.89 202.86 182.58 185.35 165.72 172.22 166.18 169.89 152.31 161.52 153.46 191.29 197.82 209.48 222.59 231.15 264.92 257.48 268.11 277.25 288.21 266.82 251.96 239.34 250.90 239.50 243.73 227.14 235.55 220.44 211.42 201.77 186.40 196.81 188.01 205.52 198.09 216.92 213.57 232.68 227.47 241.14 238.95 245.64 238.90 235.98 222.04 221.13 213.63 213.54 193.54 194.64 214.53 228.97 250.38 249.50 270.50 271.35 273.90 279.79 288.39 296.33 307.15 316.33 293.99 306.20 327.71 122.81 364.02 382.25 407.42 401.26 414.42 420.81 418.01 412.54 425.62 412.62 399.11 393.89 372.93 371.39 357.72 343.59 326.09 329.74 347.05 361.05 363.04 369.78 373.81 387.16 372.54 396.49 383.46 386.12 379.67 385.61 341.02 331.22 325.25 318.59 305.26 302.08 299.77 299.00 320.50 321.19 342.64 249.74 378.08 399.05 400.08 371.70 350.80 329.42 308.05 395.00 265.88 244.59 223.83 202.63 181.51 148.31 137.12 119.40 106.11 83.43 61.32 45.52 96.28 38.16 50.20 114.44 79.38 418.55 176.23 159.21 203.80 133.80 169.89 136.68 187.18 225.59 275.20 299.69 309.13 360.02 312.11 351.60 168.01 179.23 75.82 173.75 219.90 245.66 304.45 203.54 106.59 143.54
79.38 151.04 55.38 41.25 25.52 14.50 0.00 21.00 49.50 78.00 106.50 128.00 149.50 150.97 153.66 146.37 150.38 123.82 133.88 158.76 184.69 175.72 170.64 171.12 175.84 182.12 168.59 193.98 175.80 169.47 146.42 134.14 155.76 162.62 158.99 152.19 131.13 110.25 90.12 63.73 45.52 29.35 31.98 52.06 78.49 61.32 153.66 89.81 130.29 112.59 129.01 112.87 117.49 133.31 129.26 136.22 135.50 157.00 157.16 178.14 178.00 192.50 193.01 206.97 209.53 195.75 198.76 178.02 180.25 160.00 165.50 159.21 162.45 143.96 152.31 143.72 179.62 186.56 197.82 211.66 219.91 255.17 248.09 259.10 267.79 279.13 258.97 245.32 232.35 242.95 231.17 235.12 217.87 225.83 210.02 201.43 191.27 176.76 187.70 179.58 197.84 191.18 210.63 207.70 227.30 222.89 236.81 235.02 241.81 236.72 235.10 221.11 221.11 213.61 214.30 194.38 196.73 216.43 230.75 252.01 249.92 270.89 270.59 272.00 276.44 283.69 290.71 300.55 309.06 286.16 297.67 319.75 126.10 356.86 375.45 401.05 395.30 408.65 415.13 412.54 407.51 420.75 409.09 395.47 391.00 369.88 368.60 354.82 340.57 322.91 325.97 343.47 357.61 359.32 366.12 369.64 383.15 366.39 391.52 378.31 380.74 374.20 379.67 334.29 325.25 319.82 313.88 302.67 300.36 299.08 299.35 320.83 322.46 343.84 250.80 379.17 400.08 401.62 373.36 352.56 331.29 310.06 388.42 268.20 247.11 226.59 205.67 184.89 152.43 140.07 124.48 111.80 90.56 70.71 57.55 102.52 51.92 61.32 117.97 86.84 414.35 164.06 146.37 190.74 138.35 157.92 138.18 172.87 215.42 266.82 291.51 305.77 353.65 308.26 344.20 157.34 168.01 83.60 162.79 214.21 235.12 296.89 204.34 110.37 146.37
90.74 155.42 70.70 60.28 41.25 35.50 21.00 0.00 28.50 57.00 85.50 107.00 128.50 130.20 133.31 126.10 130.73 104.91 116.61 140.29 165.50 155.42 149.66 150.20 155.56 162.62 175.96 175.80 158.33 152.31 130.81 116.91 136.88 143.56 140.55 131.62 110.73 90.12 70.52 45.92 31.98 31.75 45.52 61.32 89.96 75.45 159.82 99.99 135.35 116.62 132.55 112.22 112.93 129.32 128.69 135.68 137.12 158.40 159.48 180.19 179.23 193.64 192.63 206.62 207.01 193.05 194.60 173.36 174.75 153.77 157.64 151.02 153.48 133.75 140.55 131.20 163.53 171.12 181.66 196.64 204.37 241.91 235.41 246.99 254.94 266.82 248.67 236.96 223.50 232.58 220.24 223.72 205.52 212.70 195.84 188.01 177.08 164.06 175.80 168.86 188.16 182.76 203.02 200.76 220.98 217.79 232.02 230.82 237.74 235.12 235.42 221.44 222.77 215.33 217.12 197.49 201.58 220.85 234.90 255.82 252.01 272.82 270.86 270.60 272.89 278.08 283.69 292.01 299.47 275.77 286.16 309.06 133.54 347.32 366.39 392.58 387.47 401.08 407.68 405.40 401.04 414.49 404.86 391.09 387.74 366.43 365.54 351.64 337.25 319.41 321.59 339.32 353.62 354.91 361.80 364.55 378.24 358.33 385.16 371.73 373.81 367.15 371.90 325.44 317.57 312.98 308.14 300.13 299.09 299.33 301.10 322.46 325.44 346.64 253.80 381.70 402.49 404.78 376.75 356.15 335.11 314.13 379.67 272.90 252.20 232.12 211.76 191.64 160.55 146.81 134.30 122.64 103.64 86.84 76.51 114.24 72.37 79.38 125.89 100.41 409.09 147.20 128.41 172.22 147.25 141.44 142.96 152.19 201.62 255.64 280.57 302.08 345.30 303.84 334.29 143.08 152.76 97.62 147.99 207.48 220.65 286.89 207.30 118.80 152.83
110.75 165.50 95.03 87.56 67.36 64.00 49.50 28.50 0.00 28.50 57.00 78.50 100.00 102.18 106.11 99.08 104.91 80.91 95.59 116.61 140.29 128.25 121.20 121.87 128.41 136.88 189.27 152.31 136.22 130.81 112.48 95.96 112.48 118.73 116.91 103.98 83.51 63.73 45.92 29.47 31.75 51.17 70.06 81.22 110.11 98.62 171.97 118.45 146.81 127.53 142.24 117.49 112.87 129.26 133.31 140.07 144.26 164.62 166.86 186.75 184.75 198.76 195.75 209.53 206.97 193.01 192.50 171.00 171.16 149.69 151.04 144.11 145.32 124.31 128.41 118.11 143.72 152.31 161.52 178.20 185.01 225.79 220.24 232.58 239.34 251.96 236.96 228.23 214.22 220.92 207.89 210.63 191.18 197.09 178.76 172.22 160.22 149.85 162.62 157.64 178.16 174.75 195.84 194.60 215.39 213.99 228.46 228.12 235.12 235.94 238.81 225.05 228.11 220.85 224.07 205.10 211.35 229.80 243.33 263.58 257.58 277.97 273.82 271.31 270.60 272.89 276.44 282.51 288.39 263.70 272.35 296.33 147.87 336.04 355.71 382.64 378.44 392.37 399.11 397.29 393.89 407.57 400.81 386.90 385.10 363.64 363.29 349.30 334.81 316.83 317.78 335.71 350.16 350.85 357.82 359.49 373.36 349.13 378.24 364.55 366.12 359.32 363.04 315.28 309.13 305.77 302.52 299.01 299.74 302.01 305.77 326.83 331.58 352.40 260.53 386.95 407.46 410.73 383.15 362.91 342.28 321.77 369.38 281.66 261.66 242.37 222.94 203.92 175.03 159.95 151.32 141.07 124.90 111.36 103.50 133.83 100.48 105.64 141.00 122.23 403.61 126.30 105.85 148.16 162.91 121.32 153.86 124.31 185.08 242.57 267.65 299.35 335.74 300.09 322.56 126.76 134.56 119.96 130.65 201.53 202.85 275.30 214.56 134.70 165.50
133.88 179.58 121.20 115.43 94.85 92.50 78.00 57.00 28.50 0.00 28.50 50.00 71.50 74.52 79.83 73.19 80.91 60.91 79.38 95.59 116.61 101.80 92.76 93.63 102.01 112.48 205.68 130.81 116.91 112.48 99.08 79.83 90.51 95.96 95.96 76.97 57.55 40.31 29.47 35.40 51.17 76.51 96.79 105.15 133.35 124.03 187.70 140.32 162.52 143.37 156.60 129.00 119.79 135.35 143.56 149.85 156.35 175.31 178.53 197.25 194.34 207.70 202.86 216.19 210.83 197.14 194.60 173.36 172.28 150.97 149.66 142.67 142.50 121.00 121.87 110.95 127.26 136.88 144.23 162.69 168.28 212.29 207.89 220.92 226.27 239.58 228.23 222.83 208.46 212.47 198.89 200.76 180.25 184.58 164.87 160.00 147.00 140.07 153.66 151.04 172.35 171.16 192.65 192.50 213.50 213.96 228.43 228.97 235.94 240.16 245.49 232.12 236.78 229.80 234.30 216.23 224.33 241.79 254.69 274.10 266.09 285.88 279.66 274.99 271.31 270.60 272.00 275.64 279.79 254.26 260.94 285.88 165.90 326.86 347.05 374.60 371.39 385.58 392.43 391.09 388.70 402.56 398.76 384.77 384.56 363.07 363.27 349.28 334.79 316.81 316.50 334.50 349.00 349.08 356.08 356.65 370.62 342.06 373.36 359.49 360.53 353.62 356.25 307.43 303.15 301.10 299.51 300.60 303.07 307.31 312.98 333.58 340.00 360.34 270.12 394.19 414.35 418.55 391.52 371.73 351.63 331.69 361.05 292.94 273.77 255.39 237.03 219.24 192.67 176.76 171.41 162.43 148.61 137.42 131.13 156.19 128.76 132.83 159.81 146.37 400.08 108.92 86.84 125.96 181.73 105.15 168.92 96.79 171.70 232.28 257.25 299.33 328.38 299.02 312.98 115.28 120.42 144.47 117.75 199.50 187.71 266.28 225.22 154.28 181.79
158.76 196.81 148.22 143.54 122.81 121.00 106.50 85.50 57.00 28.50 0.00 21.50 43.00 47.85 55.76 50.20 60.91 49.99 71.34 79.38 95.59 76.83 64.38 65.62 77.10 90.51 224.53 112.48 102.01 99.08 92.76 71.84 73.19 77.10 79.83 51.59 35.70 28.50 35.40 57.12 76.51 103.50 124.31 130.92 158.32 150.55 206.19 164.23 181.37 162.69 174.46 145.26 132.61 146.81 158.33 164.06 172.34 189.71 193.73 211.11 207.43 220.00 213.57 226.27 218.36 205.18 200.76 180.25 178.02 157.48 153.66 146.86 145.32 124.31 121.81 110.89 115.59 126.10 130.92 151.02 155.01 201.93 198.89 212.47 216.19 230.08 222.83 221.00 206.50 207.62 193.70 194.60 173.36 175.85 155.02 152.19 138.46 135.68 149.66 149.66 171.14 172.28 193.64 194.60 215.39 217.69 231.93 233.31 240.16 247.61 255.20 242.37 248.44 241.79 247.40 230.36 240.01 256.41 268.60 287.08 277.29 296.33 288.22 281.52 274.99 271.31 270.50 271.61 273.90 247.76 252.25 277.97 186.56 319.97 340.57 368.60 366.43 380.80 387.74 386.90 385.55 399.52 398.75 384.75 386.14 364.73 365.48 351.58 337.19 319.34 317.78 335.71 350.16 349.63 356.62 356.07 370.07 337.25 370.62 356.65 357.14 350.16 351.64 302.08 299.77 299.08 299.20 304.86 309.01 315.12 322.56 342.58 350.55 370.31 282.27 403.32 423.04 428.13 401.74 382.48 362.97 343.70 354.82 306.47 288.19 270.80 253.56 237.02 212.67 196.28 193.62 185.72 173.76 164.29 159.07 180.28 157.12 160.48 181.16 171.85 398.56 96.94 74.18 106.80 202.81 94.97 187.13 70.06 162.27 225.14 249.69 302.01 323.37 300.65 305.77 110.16 111.89 170.24 110.83 201.53 175.91 260.08 238.82 176.31 200.82
178.25 211.42 168.93 164.84 144.04 142.50 128.00 107.00 78.50 50.00 21.50 0.00 21.50 30.05 41.50 38.16 51.44 51.58 72.47 72.37 82.75 60.10 43.07 44.91 60.46 76.83 240.01 101.80 94.97 93.55 93.63 72.96 65.51 67.51 72.86 35.70 28.50 35.70 51.17 76.51 96.79 124.31 145.32 151.02 177.85 170.97 221.55 183.14 197.14 178.90 189.66 159.81 145.26 158.33 171.78 177.08 186.40 202.57 207.06 223.40 219.24 231.17 223.72 235.88 226.27 213.57 207.89 188.16 185.15 165.50 160.00 153.48 151.02 130.92 126.10 115.59 110.89 121.81 124.31 145.32 147.87 196.51 194.60 208.46 210.83 225.05 221.11 222.04 207.62 206.50 192.50 192.63 171.14 172.11 150.77 149.66 135.68 136.27 150.20 152.19 173.36 176.20 197.14 198.89 219.28 222.89 236.81 238.80 245.49 255.20 264.32 251.96 258.97 252.60 258.93 242.70 253.33 268.91 280.56 298.30 287.33 305.74 296.33 288.22 279.66 273.82 271.35 270.52 271.35 244.95 247.67 273.82 203.40 316.37 337.19 365.48 364.12 378.57 385.55 385.10 384.56 398.56 400.08 386.14 388.70 367.45 368.60 354.82 340.57 322.91 320.43 338.22 352.56 351.58 358.53 357.14 371.10 335.19 370.00 356.00 356.07 349.07 349.66 299.77 299.00 299.35 300.76 309.78 315.12 322.56 331.22 350.75 359.80 379.07 292.94 411.39 430.74 436.45 410.59 391.77 372.75 354.01 351.58 317.99 300.41 283.77 267.37 251.73 228.95 212.35 211.38 204.17 193.35 184.89 180.27 199.23 178.55 181.51 198.47 191.64 398.76 92.80 71.00 95.48 219.83 92.50 202.44 51.17 158.21 222.04 246.02 305.77 321.22 303.66 302.01 111.09 110.00 190.19 110.29 205.67 169.66 257.40 250.75 194.04 216.56
198.16 227.14 189.82 186.19 165.34 164.00 149.50 128.50 100.00 71.50 43.00 21.50 0.00 21.00 35.50 36.28 50.06 61.21 79.61 71.40 74.04 47.41 22.14 25.52 47.85 67.36 256.36 94.85 92.50 92.80 99.26 80.05 64.44 64.00 71.89 28.50 35.70 51.59 70.06 96.79 117.51 145.32 166.46 171.45 197.80 191.64 237.86 202.56 213.90 196.12 205.99 175.80 159.81 171.78 186.74 191.63 201.77 216.79 221.68 237.02 232.45 243.73 235.41 246.99 235.88 223.72 216.92 198.09 194.42 175.80 168.86 162.69 159.43 140.55 133.75 123.89 110.26 121.23 121.20 142.67 143.63 193.34 192.63 206.62 207.57 222.00 221.48 225.14 210.93 207.62 193.70 193.05 171.61 171.01 149.51 150.20 136.27 140.20 153.77 157.64 178.16 182.58 202.86 205.35 225.15 229.98 243.50 246.05 252.55 264.32 274.83 262.96 270.80 264.72 271.67 256.25 267.71 282.50 293.61 310.60 298.57 316.33 305.74 296.33 285.88 277.97 273.90 271.13 270.50 244.00 244.90 271.31 221.06 314.20 335.16 363.61 363.07 377.56 384.56 384.50 384.77 398.76 402.56 388.70 392.43 371.39 372.93 359.32 345.25 327.85 324.48 342.06 356.25 354.82 361.71 359.49 373.36 334.50 370.62 356.65 356.30 349.30 349.00 299.00 299.77 301.16 303.84 316.08 322.56 331.22 341.02 360.02 370.06 388.83 304.75 420.39 439.35 445.65 420.36 402.00 383.48 365.29 349.63 330.50 313.63 297.73 282.14 267.37 246.04 229.31 229.77 223.16 213.31 205.67 201.53 218.66 199.99 202.63 216.52 211.76 400.12 93.55 74.18 88.04 237.57 94.97 218.80 35.40 157.01 221.00 244.20 310.98 320.50 308.14 299.74 116.06 112.28 210.45 113.89 211.93 165.98 256.50 263.89 212.47 233.21
191.64 241.48 186.25 185.00 164.00 165.34 150.97 130.20 102.18 74.52 47.85 30.05 21.00 0.00 14.50 16.32 29.47 45.92 61.61 50.56 54.23 30.05 25.24 41.25 67.36 87.56 270.04 115.43 113.50 113.75 119.07 99.26 85.33 85.00 92.80 49.50 53.97 65.57 80.91 104.91 124.28 150.85 171.31 178.71 206.17 198.16 251.59 211.98 227.14 208.83 219.71 189.87 175.17 188.01 201.77 207.01 216.43 232.45 237.02 253.17 248.90 260.64 252.87 264.80 254.46 242.03 235.76 216.48 213.12 193.98 187.70 181.37 178.45 158.99 153.01 142.86 131.21 142.20 142.17 163.65 164.49 214.26 213.61 227.61 228.47 242.91 242.43 245.79 231.53 228.51 214.58 213.99 192.55 192.01 170.51 171.12 157.17 160.59 174.26 177.68 198.40 202.39 222.89 225.15 245.16 249.60 263.27 265.63 272.20 283.16 292.99 280.84 288.19 281.93 288.47 272.46 283.26 298.69 310.20 327.71 316.33 334.47 324.47 315.62 305.82 298.44 294.65 292.09 291.50 265.00 265.83 292.26 233.21 335.16 356.12 384.57 384.06 398.56 405.56 405.50 405.76 419.75 423.35 409.49 413.03 391.94 393.40 379.75 365.64 348.16 344.99 362.62 376.85 375.49 382.39 380.30 394.18 355.50 391.59 377.61 377.28 370.28 370.00 320.00 320.72 322.02 324.52 336.02 342.11 350.29 359.58 378.84 388.39 407.42 322.17 439.35 458.48 464.52 438.95 420.36 401.56 383.05 370.60 347.48 330.10 313.63 297.36 281.78 258.89 242.32 240.88 233.33 221.61 211.76 205.55 228.06 199.62 200.03 228.14 205.67 421.04 114.36 54.43 108.55 249.60 115.52 232.48 53.77 178.01 242.00 265.19 331.23 341.50 328.56 320.69 136.12 132.92 218.05 134.28 231.80 186.87 277.50 280.40 223.55 246.56
188.38 251.92 185.13 185.57 164.64 167.80 153.66 133.31 106.11 79.83 55.76 41.50 35.50 14.50 0.00 7.50 15.88 38.63 50.56 36.28 41.25 22.14 35.40 54.23 81.26 101.69 280.02 129.71 128.00 128.22 132.97 112.89 99.78 99.50 107.26 64.00 67.51 77.10 90.51 112.48 130.74 156.21 176.05 184.95 212.97 203.80 261.63 219.43 236.93 218.35 229.82 200.29 186.42 199.73 212.74 218.18 227.14 243.73 248.09 264.72 260.64 272.64 265.22 277.35 267.51 254.91 248.97 229.44 226.27 206.84 200.97 194.54 191.82 172.06 166.56 156.27 145.69 156.68 156.66 178.14 178.91 228.71 228.11 242.10 242.91 257.36 256.91 260.08 245.79 242.95 229.01 228.46 207.01 206.51 185.01 185.57 171.61 174.75 188.47 191.64 212.47 216.19 236.81 238.95 259.06 263.27 277.02 279.26 285.88 296.33 305.74 293.43 300.47 294.10 300.37 284.02 294.39 310.20 321.96 339.78 328.82 347.18 337.55 329.05 319.68 312.62 309.01 306.56 306.00 279.50 280.29 306.72 242.32 349.63 370.60 399.05 398.56 413.06 420.06 420.00 420.25 434.24 437.73 423.85 427.27 406.16 407.57 393.89 379.75 362.24 359.19 376.85 391.09 389.79 396.70 394.68 408.57 370.00 406.07 392.09 391.77 384.77 384.50 334.50 335.19 336.43 338.83 349.85 355.71 363.59 372.54 391.96 401.20 420.39 334.44 452.54 471.78 477.66 451.92 433.17 414.21 395.50 385.07 359.45 341.77 324.95 308.26 292.20 268.37 251.92 249.30 241.16 228.30 217.05 209.51 235.43 200.66 199.50 236.92 202.63 435.49 128.76 41.50 122.81 258.57 129.79 242.54 67.36 192.51 256.50 279.68 345.25 356.00 342.70 335.16 150.13 147.23 224.29 148.46 245.64 201.31 292.00 292.14 232.00 256.38
181.02 246.90 177.64 178.09 157.17 160.48 146.37 126.10 99.08 73.19 50.20 38.16 36.28 16.32 7.50 0.00 14.00 31.75 45.52 35.50 45.52 29.35 40.31 57.55 83.51 103.50 274.73 131.13 128.22 128.00 131.13 110.73 99.50 99.78 107.00 64.44 65.51 73.19 85.37 106.40 124.25 149.40 169.08 178.33 206.49 197.02 256.38 213.14 231.58 212.88 224.63 195.30 181.93 195.55 208.04 213.60 222.27 239.21 243.43 260.35 256.41 268.60 261.47 273.77 264.40 251.65 246.05 226.27 223.31 203.59 198.16 191.64 189.16 169.08 164.14 153.69 145.50 156.50 157.17 178.59 179.82 229.42 228.46 242.43 243.67 258.08 256.60 258.94 244.59 242.40 228.43 228.11 206.62 206.57 185.08 185.13 171.14 173.36 187.18 189.82 210.83 214.09 234.90 236.81 257.09 260.93 274.80 276.87 283.54 293.35 302.32 289.86 296.64 290.18 296.25 279.64 289.74 305.79 317.71 335.75 325.14 343.70 334.46 326.37 317.59 311.17 308.05 306.20 306.09 279.60 280.95 307.32 236.64 350.16 371.10 399.52 398.76 413.25 420.25 420.07 420.06 434.06 436.81 422.91 425.96 404.78 406.06 392.33 378.13 360.54 357.77 375.49 389.79 388.63 395.56 393.80 407.72 370.08 405.74 391.75 391.56 384.56 384.57 334.58 334.79 335.71 337.72 347.73 353.23 360.71 369.30 388.88 397.80 417.15 330.58 449.53 468.89 474.57 448.66 429.77 410.65 391.77 385.55 355.34 337.45 320.40 303.46 287.13 262.84 246.47 243.34 235.00 221.78 210.18 202.39 229.10 193.20 192.00 231.11 195.25 434.93 128.16 38.16 124.31 252.83 128.76 237.31 70.06 192.58 256.61 280.05 343.47 356.08 341.14 335.71 148.46 146.27 217.65 147.15 243.56 202.12 292.10 287.89 226.07 251.02
178.80 257.55 177.64 179.77 159.07 164.14 150.38 130.73 104.91 80.91 60.91 51.44 50.06 29.47 15.88 14.00 0.00 28.50 35.70 21.50 35.70 29.35 51.17 70.06 96.79 117.02 284.91 144.83 142.20 142.00 144.83 124.31 113.50 113.75 121.00 78.36 79.25 85.70 96.31 115.36 132.01 155.91 174.86 185.45 213.98 203.49 266.66 221.20 241.69 222.81 235.05 206.07 193.45 207.43 219.24 224.96 233.21 250.61 254.64 271.95 268.18 280.59 273.77 286.22 277.27 264.40 259.08 239.12 236.32 216.39 211.29 204.71 202.39 182.12 177.54 167.00 159.50 170.50 171.12 192.55 193.69 243.34 242.43 256.41 257.58 272.00 270.59 272.82 258.45 256.38 242.40 242.10 220.61 220.57 199.08 199.12 185.13 187.18 201.03 203.49 224.56 227.62 248.51 250.32 270.68 274.32 288.25 290.23 296.93 306.30 314.91 302.32 308.82 302.27 308.11 291.22 300.92 317.29 329.41 347.72 337.48 356.22 347.31 339.53 331.10 324.95 321.96 320.19 320.09 293.60 294.88 321.27 246.12 364.12 385.06 413.48 412.75 427.25 434.24 434.06 434.06 448.05 450.73 436.81 439.77 418.57 419.81 406.06 391.84 374.22 371.55 389.30 403.61 402.49 409.42 407.72 421.65 384.07 419.73 405.74 405.56 398.56 398.57 348.58 348.78 349.66 351.59 361.22 366.52 373.73 382.03 401.74 410.37 429.86 342.72 462.42 481.88 487.41 461.35 442.34 423.08 404.03 399.52 367.20 349.05 331.71 314.43 297.69 272.59 256.38 252.18 243.34 229.10 216.25 207.24 237.03 195.25 192.51 240.31 193.20 448.91 142.15 25.66 137.98 262.16 142.69 247.65 83.04 206.57 270.60 294.02 357.12 370.08 354.88 349.66 162.21 160.20 224.58 161.01 257.09 216.01 306.09 299.62 234.99 261.11
150.54 240.47 149.16 151.70 131.13 137.24 123.82 104.91 80.91 60.91 49.99 51.58 61.21 45.92 38.63 31.75 28.50 0.00 21.50 35.70 60.92 57.43 71.10 85.70 108.65 127.01 266.54 153.01 146.49 144.83 142.00 121.00 117.02 119.07 124.31 85.91 79.34 78.31 82.87 96.31 110.31 132.01 149.89 162.12 191.00 179.17 248.60 199.06 223.40 204.22 217.51 189.69 179.35 194.34 203.92 210.06 217.04 235.64 239.09 257.44 254.24 267.29 261.66 274.66 267.62 254.26 250.32 229.60 227.62 206.87 203.49 196.65 195.25 174.16 171.79 160.88 162.03 172.87 175.84 196.76 199.45 247.95 245.79 259.59 262.27 276.44 271.35 270.59 256.10 256.41 242.43 242.95 221.55 223.11 201.88 200.16 186.25 185.00 199.00 199.49 220.94 222.27 243.61 244.59 265.39 267.62 281.88 283.19 290.06 296.93 303.78 290.71 296.13 289.29 294.27 276.54 285.04 302.27 314.97 334.07 325.25 344.65 337.26 331.10 324.95 321.22 320.08 320.48 322.02 295.70 298.98 325.04 226.43 367.45 388.21 416.42 414.74 429.16 436.12 435.49 434.53 448.52 448.49 434.51 436.08 414.68 415.46 401.56 387.18 369.33 367.72 385.64 400.08 399.48 406.47 405.74 419.73 385.68 419.75 405.76 406.07 399.08 400.12 350.35 348.80 348.50 348.96 354.79 358.72 364.41 371.26 391.52 398.87 418.90 329.73 452.25 472.13 476.90 450.24 430.74 410.93 391.30 402.56 353.13 334.22 316.07 297.88 280.16 253.33 237.54 231.22 221.55 205.81 191.40 181.15 214.60 167.31 164.10 220.10 164.91 448.00 143.69 25.93 146.54 242.06 142.74 229.83 96.61 209.28 272.89 297.08 352.00 371.75 350.62 353.13 159.50 160.07 200.76 159.63 251.52 221.19 308.11 285.36 214.28 242.64
149.00 258.54 151.70 157.17 137.42 146.37 133.88 116.61 95.59 79.38 71.34 72.47 79.61 61.61 50.56 45.52 35.70 21.50 0.00 28.50 57.00 63.73 85.70 102.76 127.46 146.54 283.82 173.15 167.42 165.97 163.50 142.50 137.98 139.72 145.32 105.81 100.55 99.75 103.36 114.42 126.43 145.75 162.12 176.14 205.14 191.94 266.12 213.92 240.88 221.62 235.43 208.30 198.93 214.21 222.94 229.22 235.64 254.69 257.88 276.62 273.65 286.91 281.66 294.80 288.25 274.80 271.16 250.32 248.51 227.62 224.56 217.69 216.43 195.25 193.15 182.21 183.23 194.10 196.76 217.79 220.22 268.98 266.99 280.81 283.29 297.51 292.79 292.08 277.59 277.88 263.90 264.38 242.95 244.38 223.11 221.55 207.62 206.50 220.50 220.94 242.40 243.61 264.98 265.88 286.71 288.77 303.07 304.29 311.17 317.59 324.00 310.82 315.89 308.97 313.63 295.61 303.58 321.16 334.07 353.44 345.11 364.70 357.72 351.92 346.14 342.65 341.57 341.95 343.39 317.05 320.12 346.22 243.03 388.70 409.49 437.73 436.12 450.56 457.53 456.92 456.01 469.99 469.97 455.98 457.48 436.08 436.81 422.91 408.51 390.65 389.12 407.05 421.50 420.93 427.92 427.23 441.22 407.09 441.24 427.25 427.54 420.55 421.54 371.75 370.28 370.00 370.44 375.93 379.64 385.02 391.52 411.89 418.90 439.06 349.34 472.60 492.58 497.15 470.33 450.70 430.74 410.93 423.85 372.32 353.13 334.66 316.07 297.88 270.11 254.64 246.90 236.59 219.53 203.40 191.40 229.11 173.15 167.31 236.38 163.50 469.50 164.97 14.50 166.56 258.33 164.14 247.55 114.67 230.52 294.21 318.34 373.30 393.15 372.00 374.36 181.00 181.50 213.95 181.12 272.82 242.10 329.47 304.59 230.22 259.94
177.50 274.50 179.77 184.41 164.29 171.85 158.76 140.29 116.61 95.59 79.38 72.37 71.40 50.56 36.28 35.50 21.50 35.70 28.50 0.00 28.50 40.31 70.06 90.12 117.51 137.98 301.14 165.97 163.67 163.50 165.97 145.32 135.00 135.21 142.50 99.78 100.48 105.64 114.42 130.86 145.75 167.71 185.45 197.82 226.69 214.82 283.07 234.67 257.94 238.85 251.72 223.32 211.73 226.15 237.03 242.95 250.61 268.60 272.37 290.18 286.64 299.33 292.94 305.60 297.23 284.21 279.26 259.08 256.49 236.32 231.65 225.00 222.89 202.39 198.28 187.65 181.00 192.00 192.55 213.99 215.02 264.73 263.90 277.88 278.96 293.39 292.08 294.15 279.76 277.85 263.87 263.59 242.10 242.06 220.57 220.61 206.62 208.46 222.33 224.56 245.70 248.51 269.49 271.16 291.61 295.00 309.01 310.85 317.59 326.37 334.46 321.70 327.82 321.16 326.65 309.39 318.54 335.33 347.72 366.37 356.67 375.65 367.22 359.87 351.92 346.14 343.34 341.68 341.58 315.09 316.29 342.69 261.48 385.55 406.50 434.93 434.24 448.73 455.73 455.56 455.55 469.55 472.10 458.18 461.00 439.77 440.95 427.18 412.93 395.27 392.75 410.52 424.85 423.78 430.72 429.11 443.04 405.57 441.22 427.23 427.06 420.06 420.07 370.08 370.26 371.10 372.91 382.00 387.02 393.86 401.74 421.62 429.86 449.53 361.63 482.35 501.93 507.24 480.98 461.81 442.34 423.08 420.97 385.69 367.20 349.47 331.71 314.43 288.25 272.30 266.63 257.11 241.51 226.95 216.25 250.25 200.28 195.25 255.30 192.00 470.36 163.63 14.00 159.07 277.24 164.10 264.18 103.50 228.07 292.10 315.49 378.13 391.57 376.02 371.10 183.39 181.62 236.45 182.33 277.97 237.37 327.59 317.98 249.61 277.26
206.00 292.38 207.96 211.98 191.64 198.16 184.69 165.50 140.29 116.61 95.59 82.75 74.04 54.23 41.25 45.52 35.70 60.92 57.00 28.50 0.00 28.50 64.00 85.50 114.00 135.00 320.07 163.50 164.84 165.97 173.15 153.48 137.98 136.62 145.32 101.69 108.20 118.31 130.86 150.94 167.71 191.40 210.06 221.06 249.63 238.91 301.76 256.90 276.88 258.09 270.04 240.79 227.41 240.88 253.56 259.10 267.79 284.70 288.95 305.79 301.78 313.85 306.47 318.59 308.60 296.07 289.95 270.56 267.29 248.00 241.91 235.55 232.68 213.12 207.24 197.09 183.23 194.10 192.51 213.96 213.52 263.52 263.87 277.85 277.50 292.00 294.15 298.93 284.78 280.74 266.91 265.88 244.59 243.09 221.70 223.34 209.53 214.22 227.75 231.65 252.20 256.49 276.87 279.26 299.16 303.78 317.40 319.82 326.37 337.34 346.94 334.66 341.72 335.33 341.56 325.09 335.26 351.25 363.09 380.99 370.06 388.39 378.62 369.85 359.87 351.92 347.45 343.78 342.15 315.70 315.00 341.50 281.60 384.50 405.50 434.00 434.23 448.72 455.72 455.98 456.88 470.84 475.94 462.13 466.24 445.26 446.88 433.29 419.25 401.87 398.39 415.92 430.07 428.51 435.38 432.86 446.68 406.04 443.04 429.11 428.47 421.50 420.52 370.60 372.43 374.36 377.52 390.07 396.31 404.51 413.67 433.01 442.39 461.52 375.68 493.55 512.70 518.70 493.05 474.36 455.44 436.75 420.00 400.64 382.87 365.90 348.98 332.60 307.97 291.68 287.83 279.04 264.73 251.52 241.91 272.73 227.75 223.34 275.88 220.50 472.95 167.20 42.50 156.50 297.69 168.93 282.70 99.50 229.16 292.75 315.19 385.02 392.06 382.13 370.00 190.07 186.15 260.12 187.91 285.88 236.02 328.17 333.27 270.62 296.32
207.96 271.53 206.00 207.12 186.25 189.82 175.72 155.42 128.25 101.80 76.83 60.10 47.41 30.05 22.14 29.35 29.35 57.43 63.73 40.31 28.50 0.00 35.50 57.00 85.50 106.50 300.05 135.00 136.62 137.98 146.54 127.46 110.25 108.55 117.51 74.04 82.75 95.59 110.75 133.88 152.53 178.25 198.16 206.84 234.72 225.81 281.60 240.96 257.11 238.73 249.73 219.91 205.17 217.87 231.80 237.02 246.48 262.43 267.03 283.07 278.73 290.34 282.34 294.10 283.24 271.02 264.32 245.40 241.79 223.04 216.25 210.06 206.84 187.85 181.15 171.29 155.14 165.97 164.10 185.53 185.02 235.02 235.42 249.39 249.00 263.50 265.88 271.16 257.09 252.60 238.81 237.67 216.43 214.74 193.37 195.25 181.51 186.90 200.28 204.71 225.00 229.80 249.90 252.55 272.20 277.27 290.71 293.35 299.81 311.72 322.08 310.10 317.71 311.52 318.21 302.35 313.26 328.59 340.01 357.35 345.67 363.58 353.13 343.70 332.94 324.34 319.48 315.48 313.70 287.27 286.50 313.00 263.00 356.00 377.00 405.50 405.74 420.23 427.23 427.52 428.47 442.43 447.84 434.07 438.44 417.53 419.25 405.73 391.75 374.46 370.73 388.18 402.28 400.62 407.46 404.78 418.57 377.58 414.68 400.76 400.08 393.11 392.06 342.15 344.13 346.22 349.64 363.15 369.85 378.62 388.39 407.42 417.38 436.21 351.68 467.80 486.74 493.05 467.74 449.32 430.72 412.40 391.50 377.17 359.95 343.59 327.39 311.83 288.79 272.25 270.39 262.54 250.09 239.12 231.65 256.99 222.33 220.61 257.80 222.33 444.67 139.46 51.17 128.00 279.34 141.53 262.50 71.00 200.82 264.34 286.71 357.72 363.61 354.60 341.50 163.16 158.58 246.19 160.64 259.08 207.52 299.74 310.22 253.07 276.54
215.71 247.70 209.04 206.48 185.53 185.13 170.64 149.66 121.20 92.76 64.38 43.07 22.14 25.24 35.40 40.31 51.17 71.10 85.70 70.06 64.00 35.50 0.00 21.50 50.00 71.00 277.21 99.50 101.69 103.50 114.67 97.01 76.51 74.04 83.51 41.25 55.38 73.19 92.12 118.92 139.59 167.31 188.38 193.58 219.92 213.74 258.70 224.60 235.00 217.45 226.90 196.60 179.96 191.27 207.01 211.66 222.21 236.57 241.67 256.38 251.59 262.43 253.56 264.72 252.60 240.88 233.33 215.23 211.11 193.32 185.45 179.58 175.80 157.92 149.89 140.62 120.42 131.13 128.76 150.15 149.53 199.52 199.99 213.96 213.50 228.00 230.75 236.81 222.89 217.69 203.98 202.63 181.51 179.48 158.18 160.48 146.86 153.48 166.56 171.85 191.64 197.25 216.85 219.90 239.12 244.87 258.01 260.97 267.29 280.59 292.06 280.56 288.95 283.07 290.42 275.54 287.47 301.76 312.51 328.98 316.26 333.51 322.08 311.72 299.81 290.23 284.78 280.30 278.29 251.88 251.00 277.50 242.53 320.50 341.50 370.00 370.26 384.75 391.75 392.06 393.11 407.05 412.93 399.19 403.95 383.15 385.02 371.59 357.72 340.58 336.46 353.81 367.82 366.01 372.82 369.88 383.63 342.15 379.39 365.48 364.73 357.77 356.62 306.72 308.94 311.26 315.06 329.98 337.34 346.94 357.58 376.14 386.90 405.26 322.81 436.21 454.83 461.57 436.75 418.76 400.64 382.87 356.00 348.98 332.60 317.18 302.10 287.83 267.25 250.48 251.52 245.09 235.43 227.75 223.34 240.69 220.61 222.33 238.15 229.60 409.49 105.48 76.83 92.50 259.07 108.20 239.70 35.50 165.60 228.97 251.24 324.00 328.17 320.56 306.00 130.59 124.82 232.59 127.43 226.27 172.03 264.34 282.90 234.24 254.24
223.04 234.71 213.74 209.04 188.38 185.57 171.12 150.20 121.87 93.63 65.62 44.91 25.52 41.25 54.23 57.55 70.06 85.70 102.76 90.12 85.50 57.00 21.50 0.00 28.50 49.50 264.73 78.00 80.78 83.04 96.61 80.61 57.12 53.77 63.73 25.24 44.75 65.51 86.15 114.36 135.72 164.10 185.53 188.38 213.35 209.04 246.29 216.93 223.29 206.47 214.76 184.39 166.53 176.69 193.62 197.82 209.07 222.21 227.62 241.33 236.23 246.48 237.02 247.70 234.71 223.40 215.23 197.82 193.32 176.37 167.71 162.12 157.92 141.06 132.01 123.31 99.66 110.25 107.42 128.76 128.04 178.03 178.55 192.51 192.00 206.50 209.53 216.19 202.39 196.65 183.00 181.51 160.48 158.18 136.95 139.59 126.10 133.75 146.54 152.53 171.85 178.09 197.25 200.60 219.45 225.71 238.59 241.79 248.00 262.27 274.50 263.39 272.30 266.66 274.45 260.31 272.90 286.42 296.68 312.51 299.08 315.85 303.76 292.75 280.03 269.74 263.88 259.03 256.86 230.46 229.50 256.00 231.90 299.00 320.00 348.50 348.78 363.27 370.26 370.60 371.70 385.64 391.84 378.13 383.15 362.43 364.41 351.04 337.26 320.23 315.85 333.10 347.05 345.13 351.92 348.80 362.52 320.69 358.03 344.13 343.34 336.38 335.16 285.27 287.66 290.15 294.22 310.15 317.97 328.13 339.36 357.58 368.88 386.90 306.01 417.38 435.77 442.80 418.33 400.64 382.87 365.50 334.50 332.60 316.82 302.10 287.83 274.50 255.72 238.91 241.91 236.50 228.78 223.34 220.94 232.91 222.33 226.10 228.12 236.50 388.21 85.49 95.48 71.00 248.46 88.83 227.48 14.00 144.34 207.57 229.76 303.78 306.72 300.10 284.50 111.73 104.94 226.66 108.03 206.84 150.53 242.91 267.29 224.80 242.26
235.44 219.56 223.04 215.71 195.76 189.93 175.84 155.56 128.41 102.01 77.10 60.46 47.85 67.36 81.26 83.51 96.79 108.65 127.46 117.51 114.00 85.50 50.00 28.50 0.00 21.00 250.09 49.50 53.77 57.12 75.49 63.73 35.40 29.70 40.31 25.52 44.91 65.62 86.23 114.42 135.78 164.14 185.57 185.13 207.76 206.12 231.90 209.75 210.18 194.64 201.08 171.04 151.61 159.80 178.33 181.79 193.98 205.10 210.96 223.01 217.47 226.76 216.43 226.33 212.03 201.43 192.33 176.14 171.07 155.64 145.75 140.71 135.85 121.00 110.31 102.83 72.81 83.04 79.25 100.48 99.55 149.53 150.15 164.10 163.50 178.00 181.51 189.16 175.58 168.93 155.42 153.66 132.83 130.05 108.96 112.26 99.08 108.65 120.79 128.00 146.37 153.65 171.97 175.80 193.98 201.03 213.46 217.04 223.04 238.81 252.18 241.69 251.38 246.12 254.54 241.60 255.12 267.41 276.88 291.68 277.25 293.23 280.16 268.18 254.24 242.86 236.33 230.90 228.47 202.09 201.00 227.50 220.27 270.50 291.50 320.00 320.31 334.79 341.79 342.15 343.34 357.27 363.96 350.29 355.70 335.11 337.26 324.00 310.35 293.50 288.72 305.82 319.68 317.59 324.34 320.95 334.62 292.26 329.75 315.87 315.01 308.05 306.72 256.86 259.50 262.27 266.76 284.23 292.75 303.76 315.85 333.51 345.60 363.09 284.71 392.84 410.87 418.33 394.40 377.17 359.95 343.20 306.00 311.83 297.02 283.38 270.39 258.54 242.53 225.81 231.65 227.75 222.88 220.61 220.98 225.35 227.75 234.06 217.41 248.23 360.04 60.62 121.66 42.50 236.68 65.24 213.56 14.50 116.30 179.23 201.30 277.27 278.29 273.23 256.00 88.62 79.88 221.80 83.90 181.79 122.04 214.53 247.95 214.98 228.55
